0 0 0 0 0 1 0 0 1 0 0 0 1 0 1 0 0 1 0 0 1 0 1 0 1 0 1 0 0 1 0 1 0 0 1 0 1 0 1 0 1 0 1 0 1 0 1 0 1 0 1 0 1 0 1 0 1 0 1 0 1 0 1 0 1 0 1 0 1 0 1 0 1 0 1 0 1 0 1 0 1 0 1 0 1 0 1 0 1 0 1 0 1 0 0 0 0 1 0 0 1 0 0 0 1 0 1 0 0 1 0 0 1 0 1 0 1 0 0 0 0 0 0 0 0 0 0 
0 0 0 1 0 0 1 0 0 0 1 0 1 0 0 0 1 0 1 0 1 0 1 0 1 0 1 0 1 0 1 0 1 0 1 0 1 0 1 0 1 0 1 0 1 0 1 0 0 1 0 0 1 0 0 0 1 0 1 0 0 0 0 
0 0 1 0 0 1 0 0 1 0 1 0 1 0 1 0 1 0 1 0 1 0 1 0 0 1 0 0 1 0 0 
0 1 0 0 1 0 1 0 1 0 1 0 0 1 0 
0 0 1 0 1 0 0 
0 1 0 
0 
 255  2.1004153595609388e-17
 253  2.6191739451043940e-17
 247  2.6773841029010029e-17
 239  2.8268975905924395e-17
 251  1.5902121506591279e-15
 254  2.5097149659555439e-15
 237  2.1731838743214122e-14
 191  2.7306268136794035e-12
 189  4.2096943744225315e-12
 238  2.2119395803113548e-10
 252  4.3092341954922108e-10
 250  4.3312653226166625e-10
 249  4.3671173166303001e-10
 246  8.3953990648371962e-10
 245  8.4251391303076129e-10
 243  1.6789520168525167e-09
 215  1.8666012527303124e-09
 235  3.0546573334502855e-09
 231  3.1602445924739365e-09
 236  3.9595995923132498e-09
 234  4.2751314098496580e-09
 190  5.5355415206228065e-09
 223  7.3073152884935836e-09
 230  7.8411717848556637e-09
 187  5.8040740761911549e-08
 183  7.2122523106916185e-08
 214  7.3071496793195645e-08
 188  1.1004864616427199e-07
 186  1.1087069373244559e-07
 159  1.2935690542694694e-07
 175  1.8213096990505931e-07
 182  2.1721419703295901e-07
 174  4.4655342642322740e-07
 158  1.8035107327190583e-06
 127  4.0561003065779772e-06
 248  4.7264714805671261e-06
 244  4.8173409842648105e-06
 242  4.9799274450399688e-06
 241  5.2652719951234919e-06
 233  8.7196308184038493e-06
 229  9.0449972617757279e-06
 227  1.0929423338692425e-05
 126  1.1201014676892461e-05
 222  1.6990134339670276e-05
 232  1.7507853310270652e-05
 221  1.7850745744381619e-05
 228  1.8248726340831799e-05
 226  1.9133954914678456e-05
 220  2.6850929573854803e-05
 213  2.9807809169295239e-05
 211  3.8032269574353242e-05
 203  5.0034713661137953e-05
 185  5.2358030010969623e-05
 181  5.4606388375395278e-05
 207  5.7026576983671371e-05
 212  5.9321288547625209e-05
 210  6.3142442973469415e-05
 179  6.4867186185118457e-05
 173  9.6149574833333674e-05
 184  1.0207150442547447e-04
 180  1.0592200992617245e-04
 178  1.1234266719404177e-04
 171  1.1431445903416359e-04
 167  1.6982849411063125e-04
 202  1.8220313511231525e-04
 172  1.8562070134433097e-04
 170  1.9650923282563262e-04
 157  1.9878358783487489e-04
 155  2.7503435832206598e-04
 166  3.0167176228031216e-04
  64  3.3445974475888055e-04
 156  3.8478171580589297e-04
 151  3.9934194467986948e-04
 154  4.3676438234005336e-04
 125  6.5572580558005049e-04
 143  6.7563491560772510e-04
 150  7.1696723866126230e-04
 123  8.9519076423032770e-04
 124  1.2318596145332223e-03
 225  1.2513805098865085e-03
 119  1.4622909596557722e-03
 240  1.4776576966567430e-03
 122  1.5000685860820399e-03
 142  1.6119687629630253e-03
 219  1.8545253703088937e-03
 218  2.2049304285627872e-03
 224  2.3231541800971659e-03
 209  2.5234744521668031e-03
 118  2.6204178066773502e-03
 217  2.8717840382803971e-03
 111  3.4052009020657751e-03
 206  3.7717027122569457e-03
 177  4.2571238604019943e-03
 208  4.2775621771180957e-03
 205  4.8876969726447637e-03
 201  5.5128946296166556e-03
 169  5.6977939453091014e-03
 110  6.5953457858242831e-03
 176  7.7682564816977115e-03
 165  7.9769753618121365e-03
 199  8.4014979087698553e-03
 200  8.9790945264669533e-03
 168  1.0109097238875013e-02
 153  1.0568420447198950e-02
 163  1.1801409658028420e-02
  62  1.2455769660997314e-02
 164  1.3758058147775577e-02
  95  1.3843255259002988e-02
 197  1.4183094928923931e-02
 149  1.5777615983389191e-02
 152  1.7915527087633925e-02
  61  1.8873117990042192e-02
 162  1.9651763011736535e-02
 196  2.2296027119511619e-02
  94  2.2595167809227542e-02
 147  2.3871178915611753e-02
 148  2.6155780384120829e-02
 121  2.7196290855978446e-02
  60  2.8418263043609466e-02
 141  3.0413855862663815e-02
 146  3.8877399194698826e-02
 117  4.3160257415754383e-02
 120  4.4586188560364358e-02
 139  4.7163544599207137e-02
 140  4.8702905354107248e-02
 115  6.5736923485969156e-02
  55  6.7724535765018426e-02
 116  6.8304156884794326e-02
 216  6.8574209867103150e-02
 138  7.4476264115171373e-02
 109  8.3727777660090028e-02
 135  8.4928665057502184e-02
 204  8.9986613435885723e-02
 114  1.0230889328292454e-01
  54  1.0499751270272377e-01
 198  1.2582020796100427e-01
 107  1.2681517136331255e-01
 108  1.2684194135533308e-01
 134  1.3102632283914623e-01
 161  1.5541411473297356e-01
 195  1.7948921926888989e-01
  93  1.8156272843740040e-01
 106  1.8724863713015460e-01
  59  2.0759573092914116e-01
 103  2.1064277186935390e-01
 160  2.2836031482179622e-01
 145  2.3901150389600800e-01
 194  2.4379359098370823e-01
  92  2.5743570604358584e-01
  91  2.6021936314310229e-01
  39  2.7675635251055003e-01
  58  2.8086980466061673e-01
 102  2.9597325019599113e-01
 193  3.2079372293771563e-01
 144  3.3107152854192123e-01
 137  3.5031787786967528e-01
  90  3.5478624175453910e-01
  57  3.6653596694118917e-01
  87  3.8441827990551602e-01
 113  4.1350889836925303e-01
  53  4.2579746372098004e-01
 136  4.5603102271625701e-01
 133  4.7568231671554356e-01
  86  4.9487077915759214e-01
 112  5.2344285022480208e-01
  52  5.3353479359198075e-01
  51  5.3876391680778712e-01
  79  5.4002100814384613e-01
 105  5.6611455060209670e-01
 132  5.8440300567465842e-01
 131  5.8846713977342702e-01
  50  6.4595393991722361e-01
  78  6.5264448467476166e-01
  47  6.6587328226230014e-01
 104  6.7020607164960966e-01
 130  6.9237679686088627e-01
 101  6.9994237469663112e-01
  38  7.4697521152083823e-01
  89  7.5504152741148634e-01
  46  7.6120326967277252e-01
 192  7.8505649607768857e-01
 100  7.8652567297125520e-01
  99  7.9184044872996007e-01
  37  8.2047703529123095e-01
  56  8.2181361870661607e-01
  88  8.3088126855382594e-01
  85  8.5656423845434193e-01
  98  8.6088992512694018e-01
  36  8.8185447919725812e-01
  31  8.8859121060683899e-01
  84  9.0751171843383338e-01
  83  9.1067423347955978e-01
  49  9.3082403656269808e-01
  77  9.3284374452305674e-01
  30  9.3380312985621805e-01
  82  9.4562000419465142e-01
 129  9.4784910488933805e-01
  48  9.5783734968202694e-01
  76  9.5982486171241455e-01
  75  9.6121142061527498e-01
  18  9.6516282856869762e-01
  45  9.6796842692388263e-01
 128  9.6879133653084171e-01
  74  9.7792175483973376e-01
  71  9.7913122994983737e-01
  44  9.8156419911493720e-01
  43  9.8233120640737714e-01
  70  9.8860453477985688e-01
  97  9.8906249477856256e-01
  42  9.9023531674378462e-01
  35  9.9184474495171249e-01
  96  9.9392830750133865e-01
  34  9.9556393837264245e-01
  29  9.9734277437505703e-01
  33  9.9767707166982211e-01
  81  9.9826070774062703e-01
  28  9.9864337382788693e-01
  27  9.9873614695611201e-01
  80  9.9908606667969968e-01
  26  9.9936652027890205e-01
  23  9.9942554810391215e-01
  16  9.9961623823931323e-01
  19  9.9971524922893140e-01
  73  9.9971543750585101e-01
  13  9.9981573045731797e-01
  72  9.9985597186319863e-01
  12  9.9992290194427669e-01
  69  9.9992808797284083e-01
  41  9.9994657147161359e-01
  68  9.9996376926442798e-01
   7  9.9996708470343099e-01
  67  9.9996905147349002e-01
  40  9.9997342465493433e-01
  65  9.9998457408012020e-01
  32  9.9999720458544794e-01
  22  9.9999891562365772e-01
  25  9.9999894811297463e-01
  24  9.9999898401147402e-01
  21  9.9999900569527211e-01
  17  9.9999901899966115e-01
  15  9.9999902125651419e-01
  11  9.9999902137463870e-01
   6  9.9999902142628661e-01
  66  9.9999902148089048e-01
  10  9.9999902164744592e-01
   9  9.9999902170944677e-01
  63  9.9999902176690791e-01
   5  9.9999902176741085e-01
   3  9.9999902177099553e-01
  14  9.9999902177532707e-01
  20  9.9999902177667854e-01
   8  9.9999902177682198e-01
   4  9.9999902177698696e-01
   0  9.9999902177708411e-01
   1  9.9999902177708411e-01
   2  9.9999902177713995e-01
