0 0 0 0 0 0 0 0 0 0 0 1 0 1 0 0 1 0 0 0 0 0 0 1 0 0 0 0 0 0 1 0 0 1 0 0 1 0 0 0 0 0 1 0 0 0 1 0 0 1 0 1 0 0 1 0 0 0 1 0 1 0 1 0 0 1 0 0 0 1 0 0 0 1 0 0 1 0 1 0 0 0 1 0 1 0 1 0 1 0 1 0 1 0 1 0 0 0 1 0 1 0 1 0 1 0 1 0 1 0 1 0 1 0 1 0 1 0 1 0 1 0 1 0 1 0 1 0 0 0 1 0 1 0 1 0 1 0 1 0 1 0 1 0 1 0 1 0 1 0 1 0 1 0 1 0 1 0 1 0 1 0 1 0 1 0 1 0 1 0 1 0 1 0 1 0 1 0 1 0 1 0 1 0 1 0 1 0 1 0 0 0 0 1 0 0 1 0 1 0 1 0 1 0 0 1 0 0 1 0 1 0 1 0 1 0 0 1 0 0 0 1 0 0 1 0 0 1 0 1 0 0 1 0 1 0 1 0 0 0 1 0 1 0 0 0 0 0 0 0 0 0 0 0 0 
0 0 0 0 0 0 0 1 0 0 0 0 0 0 1 0 0 1 0 0 1 0 0 1 0 0 1 0 0 1 0 1 0 0 0 0 0 0 1 0 1 0 1 0 1 0 1 0 1 0 1 0 1 0 1 0 1 0 1 0 1 0 1 0 1 0 1 0 1 0 1 0 1 0 1 0 1 0 1 0 1 0 1 0 1 0 1 0 1 0 1 0 1 0 1 0 0 0 1 0 1 0 0 0 1 0 1 0 0 1 0 0 1 0 0 0 1 0 1 0 1 0 0 0 0 0 0 
0 1 0 0 0 0 1 0 0 1 0 0 0 1 0 0 0 0 1 0 1 0 1 0 1 0 1 0 1 0 1 0 1 0 1 0 1 0 1 0 1 0 1 0 1 0 1 0 0 1 0 0 1 0 0 1 0 0 1 0 1 0 0 
0 0 1 0 0 1 0 0 1 0 1 0 1 0 1 0 1 0 1 0 1 0 1 0 0 1 0 1 0 1 0 
0 1 0 0 1 0 1 0 1 0 1 0 0 1 0 
0 0 1 0 1 0 0 
0 1 0 
0 
 511  1.1623389121481506e-19
 495  1.2016370087185544e-19
 509  1.8858429456924611e-19
 503  2.2730180844319070e-19
 507  1.3821084552370701e-17
 510  1.6087810985076339e-17
 491  3.4026993611796659e-16
 463  1.5908529725826236e-15
 383  3.3325192191607507e-12
 381  4.2471735506729688e-12
 494  5.9299590168883266e-12
 508  2.4157540345967938e-11
 506  2.4210852401679294e-11
 505  2.4292120262918159e-11
 502  4.7554207384822850e-11
 501  4.7617532176987076e-11
 462  6.4950888150962906e-11
 493  9.4666309527262736e-11
 499  9.5105237227187435e-11
 487  1.7985621586619263e-10
 479  3.7689229067612037e-10
 490  4.7117574081183007e-10
 489  4.8999451864401260e-10
 486  5.3473561134784598e-10
 477  1.2283403872077950e-09
 460  2.9707986850794887e-09
 456  5.0996244431319512e-09
 431  6.3446689752161818e-09
 453  1.0522004817656921e-08
 461  1.8198290247978128e-08
 382  4.2823840502434688e-08
 379  5.7454120913138196e-08
 375  7.1422965314753058e-08
 430  9.7309391570188292e-08
 380  1.1042852737947588e-07
 378  1.1126225548760252e-07
 351  1.2837323664222249e-07
 367  1.7986572586487317e-07
 374  2.1777756784584180e-07
 366  4.4950167448972664e-07
 504  6.9415806097162108e-07
 500  7.0595350916377500e-07
 498  7.2783301208464331e-07
 497  7.6812938238196407e-07
 492  1.2494229027642127e-06
 485  1.4320557605624382e-06
 483  1.7438489992124298e-06
 350  1.8411634447617676e-06
 478  2.5197279678805523e-06
 488  2.8434833149324048e-06
 484  2.9757573195338038e-06
 482  3.1063777694683395e-06
 475  3.3398701339891583e-06
 319  4.1797677293294648e-06
 471  5.0636328410553139e-06
 476  5.6812766295770022e-06
 474  5.9046243763598337e-06
 459  9.0892753496223996e-06
 458  9.2197960663738373e-06
 457  9.4813637169009928e-06
 470  1.1010961342709885e-05
 318  1.1729574999156813e-05
 451  1.4202475072617044e-05
 454  1.4278269250656011e-05
 452  1.7599618557801221e-05
 450  1.8176505062378642e-05
 444  2.5934937349183558e-05
 447  2.8827612200564118e-05
 429  3.6528142846309115e-05
 427  4.3145357674069169e-05
 441  4.9898604065001079e-05
 377  5.2110834618696103e-05
 373  5.4339040070333820e-05
 371  6.4605462589295830e-05
 423  6.9147138824302552e-05
 428  7.0285710034437260e-05
 255  7.2798105899107303e-05
 426  7.3388656377553868e-05
 415  8.5679014094757429e-05
 365  9.5408038539749780e-05
 376  1.0287305980358929e-04
 372  1.0673934599526103e-04
 370  1.1327372567758809e-04
 363  1.1352320097458855e-04
 254  1.1675305753305793e-04
 422  1.2574343389463015e-04
 359  1.6915461150722699e-04
 364  1.8674698837568910e-04
 362  1.9774484401748386e-04
 349  2.0007921573357532e-04
 407  2.6063299260165805e-04
 347  2.7498522127906224e-04
 358  3.0359814936325384e-04
 348  3.8604216814520182e-04
 343  4.0055392968348422e-04
 481  4.3512910144164006e-04
 346  4.3972628391735131e-04
 473  5.1399847281069088e-04
 496  5.6185002838316260e-04
 455  6.2964936267445582e-04
 469  6.3075992620099778e-04
 317  6.7068049788206543e-04
 335  6.8162234760319308e-04
 406  6.9809903951406041e-04
 342  7.2431123726731327e-04
 480  8.4595394692637410e-04
 467  8.9522818630962536e-04
 315  9.1425696570947550e-04
 472  9.8033543607870389e-04
 468  1.1652333954322307e-03
 316  1.2601401318960289e-03
 449  1.4009002312801266e-03
 466  1.4077044921393172e-03
 311  1.5007383308453803e-03
 314  1.5422759123461694e-03
 334  1.6410681214801038e-03
 446  1.8438554621169204e-03
 448  1.8544503875471696e-03
 442  2.2284221503607784e-03
 445  2.3134378035867286e-03
 425  2.6737054106228059e-03
 310  2.7166039354898455e-03
 440  2.8517122740250251e-03
 129  3.2732230244386026e-03
 253  3.2808873637465521e-03
 439  3.3520055305146456e-03
 303  3.5474623172912648e-03
 421  3.6938398414309032e-03
 437  3.7519326572246891e-03
 369  4.2510453887830623e-03
 424  4.7769419773678826e-03
 251  5.0116790939473124e-03
 419  5.4930181011575707e-03
 361  5.6878558449600068e-03
 252  5.8081601130637621e-03
 436  6.0669986863763842e-03
 420  6.3987990490555931e-03
 414  6.8719980741250887e-03
 302  6.8998976300127333e-03
 368  7.8139832742586037e-03
 357  7.9619051166910735e-03
 250  8.2393710186452300e-03
 418  8.8518308500828251e-03
 247  8.9894334535390360e-03
 360  1.0168804827600124e-02
 413  1.0231971130899537e-02
 345  1.0572663330814596e-02
 355  1.1771735423202942e-02
 356  1.3839129299463744e-02
 287  1.4598047800083362e-02
 412  1.5653268286326464e-02
 246  1.5737998301926223e-02
 341  1.5786857091572362e-02
 405  1.5901685890927029e-02
 344  1.8084092491036326e-02
 354  1.9769879486281259e-02
 339  2.3879600212879815e-02
 239  2.3953858574807078e-02
 286  2.3962071504755374e-02
 403  2.4923465458654669e-02
 404  2.5892321930213822e-02
 340  2.6395606463668918e-02
 313  2.7724230762499132e-02
 333  3.0537143133684001e-02
 465  3.3636960799487386e-02
 338  3.9222995355935673e-02
 402  3.9676739472320879e-02
 238  4.0245769764135304e-02
 464  4.1369374341904179e-02
 309  4.4062798219533628e-02
 312  4.5666371856846383e-02
 399  4.5709491606069984e-02
 331  4.7350435076349173e-02
 332  4.9278017568360762e-02
 443  5.5715999180223359e-02
 438  6.2703729380513093e-02
 307  6.7151200024363769e-02
 128  6.9859431280525644e-02
 308  7.0055471838036704e-02
 223  7.1328968926691924e-02
 398  7.2721015188428106e-02
 330  7.5353691043993976e-02
 435  8.0160707412654505e-02
 327  8.5570178304845257e-02
 301  8.5821997253354529e-02
 249  9.2599268748184110e-02
 417  9.6200920056891195e-02
 126  1.0304150247801358e-01
 306  1.0494057617445608e-01
 222  1.1093512158434363e-01
 434  1.1261367921602994e-01
 299  1.2998680931296708e-01
 300  1.3042396067716569e-01
 326  1.3282112102335711e-01
 248  1.4112548121491908e-01
 416  1.4418257429950365e-01
 245  1.4458816322861293e-01
 411  1.4590712358135488e-01
 353  1.5511406502959935e-01
 433  1.5690443893369874e-01
 123  1.6621374910145223e-01
 391  1.7064303329446748e-01
 191  1.7911175592061346e-01
 285  1.8749541596300767e-01
 298  1.9233101562700389e-01
 410  2.0124035426183842e-01
 243  2.1020309209351412e-01
 244  2.1097470494033993e-01
 295  2.1586189168188699e-01
 352  2.2925316281543071e-01
 122  2.3763280205746834e-01
 337  2.3921902644810078e-01
 401  2.4747841437400553e-01
 237  2.5301363685857836e-01
 190  2.6222144584675211e-01
 284  2.6579169368645483e-01
 283  2.6822473283520060e-01
 409  2.7014209058486105e-01
 242  2.9606446569642547e-01
 294  3.0346473841946342e-01
 336  3.3289873808143006e-01
 400  3.3558405631412291e-01
 236  3.4586389924533339e-01
 235  3.4934662941492695e-01
 397  3.5069399355599740e-01
 329  3.5135614605866566e-01
 282  3.6518416828511235e-01
 279  3.9478752754157836e-01
 115  4.1236195985825375e-01
 305  4.1829064623589562e-01
 221  4.3729252478669811e-01
 396  4.5158376865402389e-01
 395  4.5504506532015226e-01
 234  4.5681349830604145e-01
 328  4.5890120963655329e-01
 325  4.7780345971006594e-01
 231  4.8507488810485666e-01
 124  4.9525629592035336e-01
 278  5.0695213213846813e-01
 304  5.2973442769298562e-01
 220  5.4854793796845480e-01
 271  5.5165009927687725e-01
 219  5.5317201425722518e-01
 394  5.6188928319960441e-01
 297  5.7274350446296596e-01
 324  5.8813714186149091e-01
 104  5.8815988191094759e-01
 323  5.9115373214168476e-01
 432  5.9366306750844178e-01
 230  5.9873350375420542e-01
 390  6.1869925928840186e-01
 121  6.3463393683634484e-01
 189  6.6143844578151012e-01
 218  6.6265061567558492e-01
 270  6.6454113729264541e-01
 296  6.7738582023265770e-01
 215  6.8221752760252730e-01
 322  6.9628075787299848e-01
 241  6.9749958194525108e-01
 293  7.0693803718392778e-01
 389  7.1078485041433181e-01
 120  7.2859739842689808e-01
 119  7.3370550930147294e-01
 408  7.3801429315049638e-01
  86  7.4494410072785333e-01
 188  7.5786575620917596e-01
 187  7.6080866910935652e-01
 281  7.6358970443553831e-01
 214  7.7794652114425733e-01
 240  7.8562181932561692e-01
 292  7.9313294642675558e-01
 388  7.9559624630151948e-01
 207  7.9772269041555299e-01
 291  7.9790065125119347e-01
 118  8.1337202946334841e-01
 233  8.3244118506672382e-01
 280  8.3819173932574997e-01
 186  8.4004537514244249e-01
 183  8.4828742299893667e-01
 114  8.5215324374054124e-01
 277  8.6346036855961905e-01
 290  8.6610329161776611e-01
 206  8.7020007443116354e-01
 232  8.9009684734064443e-01
 393  8.9311141194313914e-01
 113  9.0227583691267998e-01
 111  9.0538320671782457e-01
 182  9.0582682702125439e-01
 229  9.1065633708450433e-01
 175  9.1243420768753114e-01
 276  9.1277596962576213e-01
 275  9.1561916122794129e-01
 392  9.3180122327932779e-01
 102  9.3493424527836133e-01
 217  9.3710552870962138e-01
 269  9.3725052456519531e-01
 110  9.4305656478180777e-01
 228  9.4516836004585314e-01
 227  9.4714789065943905e-01
 321  9.4886482175745313e-01
 274  9.4910546777935334e-01
 174  9.4954337395977273e-01
 159  9.5313963576031091e-01
 101  9.6020040180990862e-01
 216  9.6235339124342756e-01
 268  9.6281044221346745e-01
 267  9.6403046316998908e-01
 226  9.6920377449880235e-01
 320  9.6969587316976613e-01
 213  9.7218679131204933e-01
 158  9.7473171292773464e-01
 387  9.7643683410817572e-01
  84  9.7665197707641582e-01
 100  9.7738958903174000e-01
  97  9.7877313727325710e-01
 266  9.7970513158332140e-01
 117  9.8041279760601985e-01
 263  9.8076516192702734e-01
 212  9.8429082370629384e-01
 211  9.8491541671451488e-01
 185  9.8534799726257527e-01
 386  9.8650562430135214e-01
  81  9.8670085515015848e-01
 116  9.8881499963913699e-01
  87  9.8885519067493344e-01
 262  9.8957545893976684e-01
 289  9.8979928490396496e-01
 205  9.9012712840672523e-01
 210  9.9180895968556082e-01
 184  9.9194817440851013e-01
 385  9.9259776388138743e-01
  75  9.9290780531790079e-01
 288  9.9438937577354414e-01
 204  9.9470889174623556e-01
 181  9.9472548871388133e-01
 203  9.9494645857597008e-01
  74  9.9671039233740022e-01
 112  9.9679696897411785e-01
  63  9.9699211514909003e-01
 180  9.9723278765556023e-01
 202  9.9737853029120960e-01
 179  9.9738405184123013e-01
 199  9.9754584838175286e-01
 109  9.9804472117934484e-01
 173  9.9845819153168136e-01
 273  9.9846860053654340e-01
  62  9.9862634585929466e-01
 178  9.9866261446018456e-01
 198  9.9873971381151450e-01
 108  9.9899894393297928e-01
 107  9.9907282306958733e-01
 272  9.9920183166092236e-01
 172  9.9922579639920306e-01
 171  9.9929738218416653e-01
  34  9.9931664018025379e-01
 225  9.9943674770587143e-01
 105  9.9954716236338625e-01
 157  9.9962727879581392e-01
 170  9.9964799503813273e-01
 167  9.9969146155232991e-01
  99  9.9969984231775944e-01
 224  9.9971130778393658e-01
 265  9.9975990068311860e-01
 156  9.9981999504949193e-01
 166  9.9984001183130189e-01
  96  9.9984722063145504e-01
 155  9.9984935590449353e-01
  98  9.9985744316785574e-01
 264  9.9987933390539296e-01
 154  9.9992202225115401e-01
 151  9.9993596900675952e-01
  80  9.9993966254629463e-01
 261  9.9994038847001032e-01
  94  9.9994390348961226e-01
  95  9.9995150164134849e-01
 209  9.9996388805953007e-01
 148  9.9996883760638111e-01
 143  9.9996885815217695e-01
 260  9.9997015245485943e-01
 259  9.9997449760264634e-01
  91  9.9997966734788080e-01
 384  9.9998099742929414e-01
  85  9.9998149075926523e-01
 208  9.9998174031370046e-01
 135  9.9998515859254977e-01
 257  9.9998741049278594e-01
  83  9.9999435695843264e-01
  73  9.9999622808802224e-01
 201  9.9999678069576392e-01
  79  9.9999782346357891e-01
  72  9.9999793405475867e-01
 200  9.9999807865800672e-01
  71  9.9999867249160246e-01
 177  9.9999883803464040e-01
 197  9.9999891654799899e-01
  61  9.9999906106385694e-01
 106  9.9999909999318681e-01
 176  9.9999911260038366e-01
  69  9.9999912159803339e-01
 196  9.9999914467250095e-01
  68  9.9999916897456576e-01
 195  9.9999921929872415e-01
  60  9.9999923856902884e-01
 193  9.9999931012212517e-01
  59  9.9999932533658087e-01
  57  9.9999935464579803e-01
  55  9.9999935619917302e-01
  32  9.9999935957447394e-01
 169  9.9999936829880864e-01
 103  9.9999936904390951e-01
  51  9.9999937091058522e-01
  48  9.9999937116079096e-01
  29  9.9999937403125816e-01
 168  9.9999937785721615e-01
  39  9.9999937847425269e-01
  28  9.9999938235202213e-01
 165  9.9999938299672442e-01
  24  9.9999938378411490e-01
 150  9.9999938464134541e-01
 164  9.9999938473378380e-01
 163  9.9999938533657162e-01
  19  9.9999938536467736e-01
 153  9.9999938550466316e-01
 142  9.9999938557249779e-01
 161  9.9999938560145851e-01
 258  9.9999938569143454e-01
  90  9.9999938575783043e-01
 152  9.9999938576950254e-01
  93  9.9999938580160808e-01
 134  9.9999938580989622e-01
 149  9.9999938583028003e-01
  92  9.9999938584199188e-01
 256  9.9999938584356096e-01
 146  9.9999938585332404e-01
 145  9.9999938586217518e-01
 144  9.9999938586841142e-01
 147  9.9999938586849979e-01
  50  9.9999938587017667e-01
  49  9.9999938587018478e-01
 160  9.9999938587622383e-01
 133  9.9999938587854176e-01
 127  9.9999938587935655e-01
 125  9.9999938587935666e-01
 132  9.9999938587975801e-01
 131  9.9999938588031356e-01
 130  9.9999938588031401e-01
  82  9.9999938588040271e-01
 141  9.9999938588235271e-01
  56  9.9999938588420889e-01
  36  9.9999938588426895e-01
  37  9.9999938588426895e-01
  38  9.9999938588426895e-01
  35  9.9999938588426951e-01
  25  9.9999938588689830e-01
  30  9.9999938588690540e-01
  31  9.9999938588690562e-01
  33  9.9999938588690596e-01
  53  9.9999938588694171e-01
  26  9.9999938588694248e-01
  52  9.9999938588694448e-01
  27  9.9999938588694537e-01
  54  9.9999938588700976e-01
  70  9.9999938588709514e-01
 140  9.9999938588721837e-01
  89  9.9999938588930048e-01
 162  9.9999938588955195e-01
  78  9.9999938589008786e-01
  45  9.9999938589019255e-01
  46  9.9999938589019322e-01
  47  9.9999938589019333e-01
  42  9.9999938589019388e-01
  43  9.9999938589019388e-01
  44  9.9999938589019488e-01
  40  9.9999938589019954e-01
  41  9.9999938589019977e-01
  58  9.9999938589051063e-01
  76  9.9999938589087012e-01
  77  9.9999938589087090e-01
  66  9.9999938589088455e-01
  65  9.9999938589091408e-01
  64  9.9999938589091730e-01
  67  9.9999938589102477e-01
  22  9.9999938589216075e-01
  23  9.9999938589216086e-01
  20  9.9999938589216597e-01
  21  9.9999938589216730e-01
  88  9.9999938589247650e-01
 137  9.9999938589260196e-01
 136  9.9999938589260229e-01
 139  9.9999938589262016e-01
 138  9.9999938589262061e-01
 192  9.9999938589333104e-01
 194  9.9999938589353643e-01
   0  9.9999938589361692e-01
   1  9.9999938589361692e-01
   2  9.9999938589361703e-01
   3  9.9999938589361703e-01
   4  9.9999938589361703e-01
   5  9.9999938589361703e-01
   6  9.9999938589361703e-01
   7  9.9999938589361703e-01
  10  9.9999938589408532e-01
  11  9.9999938589408532e-01
   8  9.9999938589408544e-01
   9  9.9999938589408544e-01
  17  9.9999938589409720e-01
  16  9.9999938589409876e-01
  14  9.9999938589409887e-01
  15  9.9999938589409887e-01
  12  9.9999938589409898e-01
  13  9.9999938589409898e-01
  18  9.9999938589410009e-01
