0 0 0 0 0 0 0 0 0 0 0 0 0 0 0 0 0 0 1 0 0 0 0 0 0 0 0 1 0 0 0 0 1 0 0 0 0 0 0 0 0 0 0 0 0 0 1 0 1 0 1 0 0 1 0 0 0 0 0 1 0 0 1 0 0 0 0 0 0 1 0 0 0 0 1 0 0 0 0 0 0 0 0 0 1 0 1 0 0 1 0 1 0 0 1 0 0 1 0 0 0 1 0 0 1 0 0 0 1 0 1 0 0 1 0 0 1 0 1 0 1 0 1 0 1 0 0 0 0 1 0 0 0 1 0 1 0 0 0 0 0 0 0 0 0 0 1 0 0 0 0 0 0 0 1 0 1 0 1 0 0 0 0 0 1 0 1 0 1 0 1 0 1 0 1 0 0 0 1 0 1 0 1 0 1 0 1 0 1 0 1 0 0 0 0 1 0 0 1 0 0 0 1 0 1 0 1 0 1 0 1 0 1 0 1 0 1 0 1 0 1 0 1 0 1 0 1 0 1 0 1 0 1 0 1 0 1 0 1 0 1 0 1 0 1 0 1 0 1 0 1 0 1 0 1 0 0 1 0 0 1 0 1 0 1 0 1 0 1 0 1 0 1 0 1 0 1 0 1 0 1 0 1 0 1 0 1 0 1 0 1 0 1 0 1 0 1 0 1 0 1 0 1 0 1 0 1 0 1 0 1 0 1 0 1 0 1 0 1 0 1 0 1 0 1 0 1 0 1 0 1 0 1 0 1 0 1 0 1 0 1 0 1 0 1 0 1 0 1 0 0 0 1 0 1 0 1 0 1 0 1 0 1 0 1 0 1 0 1 0 1 0 1 0 0 0 1 0 0 0 0 0 0 0 0 0 1 0 0 1 0 0 1 0 1 0 1 0 1 0 1 0 1 0 1 0 1 0 0 1 0 0 1 0 0 0 1 0 1 0 1 0 1 0 1 0 1 0 1 0 0 0 0 1 0 0 1 0 0 1 0 0 1 0 0 1 0 0 1 0 0 1 0 0 1 0 0 0 0 0 0 0 0 0 1 0 1 0 1 0 1 0 1 0 1 0 0 0 0 0 1 0 1 0 1 0 0 0 0 0 0 0 0 0 0 0 0 0 0 0 0 0 0 0 0 0 0 0 0 0 0 
0 0 0 0 0 0 0 0 0 0 0 1 0 1 0 0 1 0 0 0 0 0 0 1 0 0 0 0 0 0 1 0 0 1 0 0 1 0 0 0 0 0 1 0 0 0 1 0 0 1 0 1 0 0 1 0 0 0 1 0 1 0 1 0 0 1 0 0 0 1 0 0 0 1 0 0 1 0 1 0 0 0 1 0 1 0 1 0 1 0 1 0 1 0 1 0 0 0 1 0 1 0 1 0 1 0 1 0 1 0 1 0 1 0 1 0 1 0 1 0 1 0 1 0 1 0 1 0 0 0 1 0 1 0 1 0 1 0 1 0 1 0 1 0 1 0 1 0 1 0 1 0 1 0 1 0 1 0 1 0 1 0 1 0 1 0 1 0 1 0 1 0 1 0 1 0 1 0 1 0 1 0 1 0 1 0 1 0 1 0 0 0 0 1 0 0 1 0 1 0 1 0 1 0 0 1 0 0 1 0 1 0 1 0 1 0 0 1 0 0 0 1 0 0 1 0 0 1 0 1 0 0 1 0 1 0 1 0 0 0 1 0 1 0 0 0 0 0 0 0 0 0 0 0 0 
0 0 0 0 0 0 0 1 0 0 0 0 0 0 1 0 0 1 0 0 1 0 0 1 0 0 1 0 0 1 0 1 0 0 0 0 0 0 1 0 1 0 1 0 1 0 1 0 1 0 1 0 1 0 1 0 1 0 1 0 1 0 1 0 1 0 1 0 1 0 1 0 1 0 1 0 1 0 1 0 1 0 1 0 1 0 1 0 1 0 1 0 1 0 1 0 0 0 1 0 1 0 0 0 1 0 1 0 0 1 0 0 1 0 0 0 1 0 1 0 1 0 0 0 0 0 0 
0 1 0 0 0 0 1 0 0 1 0 0 0 1 0 0 0 0 1 0 1 0 1 0 1 0 1 0 1 0 1 0 1 0 1 0 1 0 1 0 1 0 1 0 1 0 1 0 0 1 0 0 1 0 0 1 0 0 1 0 1 0 0 
0 0 1 0 0 1 0 0 1 0 1 0 1 0 1 0 1 0 1 0 1 0 1 0 0 1 0 1 0 1 0 
0 1 0 0 1 0 1 0 1 0 1 0 0 1 0 
0 0 1 0 1 0 0 
0 1 0 
0 
1007  5.4841708333463647e-32
 983  5.8761670953467718e-28
 991  3.1272295751288828e-26
1019  5.3008619497144519e-25
 927  6.1488086788935019e-24
1023  2.5310830156530142e-22
1015  1.0659363784673469e-19
 767  2.2156200273024201e-19
 990  2.4156263704560286e-19
1022  2.4854452759068712e-19
1021  3.3600330314743065e-19
1018  4.1972807587272326e-19
1006  4.5460658519201635e-19
 763  4.6841356786216719e-19
1017  1.4824738871834847e-18
1005  2.2541306593482396e-18
 999  3.6361059368392195e-18
1013  5.7653646298085139e-18
1014  2.8003347634111463e-17
1011  3.0729776736197667e-17
1020  3.1943270106423404e-17
1003  1.0361523544749177e-16
 989  1.0535482952879102e-16
 975  3.0178502993884191e-16
 987  4.0679802813019518e-16
 982  6.8054169132460711e-16
 981  1.0256752395741015e-15
 959  1.2007479383770757e-15
 926  3.1817090460025917e-15
 979  3.5897863961664967e-15
 955  8.0445864123976582e-15
 973  8.5102139410179437e-15
 921  9.6071406439429509e-15
 923  2.6054676787603216e-14
 925  9.5168774319449255e-14
 907  1.8353957717408665e-13
 913  9.8933983859646992e-13
 759  2.9476599532579724e-12
 751  4.2788987358288447e-12
 766  6.6650341993244341e-12
 863  7.7245504478484145e-12
 762  8.4943511800174804e-12
 761  8.5032800954342423e-12
 765  9.1870257644609361e-12
 861  1.0244754923038390e-11
 988  1.1867850605083169e-11
 757  1.6964811010228509e-11
 735  1.8273541781083734e-11
 749  3.4527529710913344e-11
1016  4.8315065594353823e-11
1012  4.8422128698624854e-11
1010  4.8584317903424427e-11
1009  4.8825267044987390e-11
1004  9.5108466563831109e-11
1002  9.5235298262109870e-11
1001  9.5484632035228900e-11
 703  1.1588698363935960e-10
 734  1.2828330700640853e-10
 924  1.3185272619929443e-10
 986  1.8934127371683926e-10
 985  1.9015795130596122e-10
 998  1.9021075364307636e-10
 997  1.9048424970736385e-10
 974  3.5972277620300535e-10
 995  3.8038969787736570e-10
 701  6.3762929892563516e-10
 967  7.2907003302560507e-10
 958  7.5666217250441266e-10
 980  9.4235392222464254e-10
 971  9.4814088970619209e-10
 978  9.8005166437217489e-10
 977  9.8434845608839914e-10
 972  1.0695143027784247e-09
 970  1.3062476785176273e-09
 951  1.5882366802318848e-09
 966  1.7368485619964216e-09
 957  1.7637962435598483e-09
 954  2.4568685503775976e-09
 953  2.5862468312136849e-09
 919  3.1902246169410820e-09
 943  3.4019320986921318e-09
 950  4.0603029216084551e-09
 920  5.9418789134219929e-09
 917  5.9834634741024410e-09
 639  6.4082239263418226e-09
 942  1.0190785300642735e-08
 912  1.0198315447936416e-08
 910  1.0343840361172313e-08
 915  1.1880201241271737e-08
 862  1.2743812983722713e-08
 638  1.4305859389783819e-08
 904  1.9965690448467208e-08
 906  2.1044590989379887e-08
 905  2.1255061745737485e-08
 922  3.6398311101421240e-08
 901  4.1336580998498247e-08
 895  4.8472765971845298e-08
 889  7.6730384336335346e-08
 764  8.5638633613666406e-08
 859  1.0454865782966454e-07
 758  1.1490530428063144e-07
 755  1.1623610522450969e-07
 855  1.2744986687025717e-07
 750  1.4291999424690599e-07
 883  1.6364302303068846e-07
 860  1.9460845943159930e-07
 858  1.9621739078493379e-07
 760  2.2084843608815137e-07
 756  2.2250744650872680e-07
 754  2.2513401552344673e-07
 747  2.3398845320270276e-07
 743  2.8749413098538206e-07
 831  2.9247426052946957e-07
 702  3.2654366745456211e-07
 847  3.4570226998671377e-07
 854  3.8251574320897582e-07
 748  4.3552152964688400e-07
 746  4.4223856406528856e-07
 733  4.5411884759794109e-07
 731  5.1004356148424146e-07
 511  5.1278276777012336e-07
 510  6.6435335883990193e-07
 727  7.2406434110742761e-07
 846  7.7145225981331191e-07
 742  7.9373532967357453e-07
 732  8.9888046225092159e-07
 730  9.2174325967576470e-07
1008  1.3882664444724637e-06
1000  1.4118106673969275e-06
 726  1.4537593941411365e-06
 996  1.4554746488183353e-06
 719  1.5212860017253858e-06
 994  1.5358776570232910e-06
 993  1.6962351518929348e-06
 699  2.2077153401728767e-06
 815  2.4237672321194038e-06
 984  2.4986541169546115e-06
 969  2.8633310573037872e-06
 965  2.9775008061710350e-06
 695  3.3110644178770568e-06
 718  3.3263613947940358e-06
 963  3.6188249907816909e-06
 700  3.6920520861407830e-06
 698  3.8233810830649359e-06
 687  4.5055105465138418e-06
 956  5.0376891356241830e-06
 976  5.6859788269910907e-06
 949  5.7254584475242348e-06
 694  5.8834166028650182e-06
 968  5.9537597392540949e-06
 964  6.2110210413658156e-06
 962  6.5790729437636019e-06
 947  6.8742607858908499e-06
 941  1.0015157730681626e-05
 671  1.0343328489597815e-05
 952  1.1359995168472937e-05
 948  1.1805185901030140e-05
 637  1.1873162450881853e-05
 946  1.2388311780785528e-05
 939  1.2547544687269765e-05
 686  1.4141929611330096e-05
 814  1.4200867889637664e-05
 635  1.4459536884561922e-05
 918  1.8175349759300903e-05
 916  1.8433601055374432e-05
 914  1.8950850001697940e-05
 935  2.0035295588843851e-05
 940  2.2011753497911279e-05
 631  2.2627143657537992e-05
 938  2.2946369602710979e-05
 636  2.3444855809657879e-05
 634  2.4519435936603236e-05
 623  2.5256177718995014e-05
 902  2.8385082628214912e-05
 908  2.8547837185886018e-05
 899  2.9515002345855431e-05
 934  3.0621111226284643e-05
 911  3.3268382005739650e-05
 903  3.5194975157815651e-05
 900  3.6312132480656613e-05
 898  3.8295497416402479e-05
 630  4.5671399351570195e-05
 888  5.1825100855627140e-05
 670  5.2876709853514931e-05
 894  5.7618980894963191e-05
 886  5.8431840845089821e-05
 893  6.0122353308228368e-05
 857  7.2954011972996372e-05
 853  7.6587302731577616e-05
 892  8.3706398746318965e-05
 851  9.1132393405605179e-05
 882  9.9806960330777532e-05
 622  1.0376880917844472e-04
 753  1.0411127536960011e-04
 881  1.0769528036454697e-04
 745  1.0851485113814759e-04
 607  1.1505386022987211e-04
 741  1.1599154369507686e-04
 880  1.1709543956026398e-04
 509  1.1904762015084727e-04
 875  1.2366644473066319e-04
 845  1.2631304721954335e-04
 260  1.3980079200760472e-04
 856  1.4037337760994562e-04
 739  1.4063751897082323e-04
 507  1.4303968452046654e-04
 852  1.4645023494435090e-04
 850  1.5457725048508716e-04
 843  1.6357324254004829e-04
 830  1.7523121135965507e-04
 729  1.9062317553242915e-04
 725  2.0303960606965984e-04
 752  2.0551608354660235e-04
 744  2.1309993109495335e-04
 503  2.1589913328258197e-04
 740  2.2590767179295505e-04
 508  2.3304603284460029e-04
 839  2.3998547412254690e-04
 738  2.4481160828067772e-04
 506  2.4654418515752122e-04
 723  2.4915789012478856e-04
 844  2.5099299556867965e-04
 874  2.5988094519009583e-04
 842  2.7381113559759137e-04
 717  3.1516309565296144e-04
 606  3.2021674183524071e-04
 495  3.3324886077439633e-04
 829  3.6763247906178911e-04
 728  3.7282872616308167e-04
 502  3.8338846302197414e-04
 724  3.9449165614602029e-04
 697  3.9922632136523247e-04
 838  4.0674465326510516e-04
 715  4.1074065022609729e-04
 722  4.3481543517671423e-04
 693  4.5803366609035621e-04
 827  5.4204141611429021e-04
 716  6.0496740196020664e-04
 711  6.3544922605838225e-04
 691  6.4887127603093116e-04
 714  6.9322139979725557e-04
 813  7.4243629998466533e-04
 685  7.6390574383523760e-04
 696  7.6946776559692106e-04
 826  8.4870479401613977e-04
 961  8.6722217714690930e-04
 692  8.7363435477338827e-04
 494  8.7807799039021439e-04
 575  9.3388023443829397e-04
 945  1.0219335415665542e-03
 690  1.0569398726541141e-03
 683  1.0942915303602271e-03
 992  1.1220106237751135e-03
 811  1.1241336035586415e-03
 710  1.1739352594722513e-03
 909  1.2263188662062915e-03
 937  1.2526827526889762e-03
 633  1.3334011929429872e-03
 812  1.3822472379387087e-03
 684  1.4346272065849238e-03
 574  1.5353966779829381e-03
 933  1.5959786257471330e-03
 679  1.6468739751590894e-03
 629  1.6596496278512278e-03
 960  1.6864086511247677e-03
 479  1.6871371895944842e-03
 807  1.7486263702446295e-03
 810  1.7652150134509327e-03
 669  1.7830722888326370e-03
 682  1.7994748260812985e-03
 944  1.9501219822024493e-03
 627  2.2658203830247478e-03
 936  2.3108498536495849e-03
 931  2.3533886091424631e-03
 632  2.5001101371752411e-03
 667  2.6504991614569183e-03
 897  2.7727514148093760e-03
 932  2.7872131089531336e-03
 621  2.9922619069823876e-03
 678  3.0304322208494026e-03
 628  3.0393273883253438e-03
 806  3.0809566968109615e-03
 478  3.1143944896186481e-03
 668  3.2301247628567431e-03
 930  3.6470510744740572e-03
 896  3.6714118999345087e-03
 891  3.6714376930825792e-03
 626  3.8706369354402090e-03
 799  3.9871335558128987e-03
 666  4.3649449917008429e-03
 884  4.4078307195780896e-03
 663  4.4660920245858651e-03
 619  4.4848596630879499e-03
 890  4.5706244072985245e-03
 849  5.2695113861475377e-03
 620  5.3314792971554783e-03
 879  5.6564905879453670e-03
 887  6.0351889638969817e-03
 258  6.4121163637332430e-03
 505  6.4429666003819226e-03
 878  6.5916340629353027e-03
 841  7.2949354825404249e-03
 873  7.3944332575655641e-03
 618  7.4378341258985025e-03
 798  7.5598516957829862e-03
 615  7.7374698632936096e-03
 605  7.8893752380601780e-03
 662  8.0314655909831389e-03
 737  8.3945739072571156e-03
 877  8.4463896562246982e-03
 257  8.8760266968384519e-03
 447  9.0114801996659267e-03
 501  9.3819596721071291e-03
 848  9.3961670677642373e-03
 837  1.0307079674255402e-02
 871  1.1170937948162839e-02
 721  1.1186211337336919e-02
 504  1.1367904062060607e-02
 655  1.1416050563478053e-02
 872  1.1933482829774338e-02
 603  1.2313779741229288e-02
 840  1.2555593540490533e-02
 828  1.3401739018882256e-02
 604  1.3486811271249189e-02
 614  1.3724651650773256e-02
 499  1.4279415292702317e-02
 446  1.4826207280210984e-02
 835  1.5340159414213491e-02
 736  1.5367873574320210e-02
 713  1.5638068300572204e-02
 500  1.6100699899249293e-02
 253  1.6350068092483402e-02
 836  1.7302436479328168e-02
 493  1.8610516587365976e-02
 869  1.9005697993235308e-02
 825  1.9383079698754486e-02
 720  1.9885745281911275e-02
 602  2.0255124944749497e-02
 654  2.0287342076602811e-02
 689  2.0775327207284460e-02
 709  2.3083631444146924e-02
 599  2.3194212265406265e-02
 498  2.3682531112637187e-02
 834  2.5016778347237062e-02
 712  2.6968353519096783e-02
 573  2.8775306944817378e-02
 491  2.9045778263174966e-02
 868  2.9215873501059995e-02
 823  2.9926659027443271e-02
 824  3.0577879397247858e-02
 492  3.0705678227054035e-02
 681  3.1037203883259090e-02
 809  3.1232520028820432e-02
 707  3.3859951723893555e-02
 688  3.5199606644066510e-02
 247  3.5855495631074596e-02
 783  3.8258452746047174e-02
 708  3.8455669862252739e-02
 598  3.9164711673563286e-02
 383  4.1312311910208094e-02
 571  4.5062457895405132e-02
 572  4.6512817523645979e-02
 490  4.7112850540977955e-02
 677  4.7287932550682699e-02
 805  4.8861861184995810e-02
 477  4.9181447639137364e-02
 808  5.0166696780018345e-02
 680  5.1081256223673398e-02
 821  5.1352263844332557e-02
 625  5.4050005624179928e-02
 487  5.4161057314702166e-02
 706  5.5798182658420681e-02
 591  5.7377284299324191e-02
 246  5.8180646837534745e-02
 665  5.9713842562128666e-02
 929  6.5207053316425123e-02
 382  6.8628850494108287e-02
 675  7.0549116930506348e-02
 570  7.1702110570924765e-02
 803  7.4127322012412566e-02
 676  7.5486200271737566e-02
 475  7.6303413158490457e-02
 804  7.6366317655609903e-02
 476  7.7458740135706514e-02
 820  7.7501806047287597e-02
 928  7.9299429413317898e-02
 567  8.3884082478954389e-02
 617  8.5774279532913347e-02
 624  8.7161768737244641e-02
 486  8.7226135389476850e-02
 590  9.1067309376847289e-02
 797  9.1879927926550198e-02
 661  9.3556640571129557e-02
 664  9.4126178617527520e-02
 885  1.0581399012627649e-01
 674  1.1090516999956822e-01
 802  1.1364981339747265e-01
 876  1.1756888296829347e-01
 474  1.1796082281087386e-01
 566  1.3026245028753156e-01
 256  1.3150959154043940e-01
 613  1.3177072273051996e-01
 616  1.3220573458361648e-01
 471  1.3613281304812147e-01
 796  1.3750933980238825e-01
 795  1.3776977584067290e-01
 659  1.3898318962627879e-01
 445  1.4017660152743805e-01
 660  1.4214233754071109e-01
 870  1.4981668000385903e-01
 601  1.6456356500279812e-01
 653  1.6914123458806629e-01
 559  1.7160559012688317e-01
 497  1.7674555293046809e-01
 833  1.8281895849960178e-01
 231  1.8615045245858416e-01
 252  1.9092128857951204e-01
 611  1.9114482805777655e-01
 612  1.9473625640441644e-01
 794  2.0068358112416518e-01
 470  2.0221261325040887e-01
 444  2.0544644523544886e-01
 658  2.0552717877656757e-01
 443  2.0632166309930994e-01
 867  2.1135534217114235e-01
 791  2.2266881351561954e-01
 600  2.3820016237700972e-01
 652  2.4294409061630134e-01
 651  2.4357561060569732e-01
 597  2.4795843936539128e-01
 558  2.4832056388139453e-01
 463  2.5118032202156837e-01
 496  2.5559464722282504e-01
 832  2.6031017887023805e-01
 250  2.6133827060112030e-01
 822  2.6316614745126388e-01
 489  2.7051978326779241e-01
 610  2.7324791478785687e-01
 866  2.8285199532176369e-01
 705  2.8836272330536722e-01
 442  2.9175737074194630e-01
 782  3.0575051206995191e-01
 790  3.0891444693967224e-01
 245  3.1135553536616917e-01
 543  3.1892277731572438e-01
 439  3.2048639840913190e-01
 650  3.3660975020189854e-01
 381  3.3852691277776797e-01
 596  3.4025792959463813e-01
 595  3.4178387838069701e-01
 569  3.4383224977899762e-01
 462  3.4747831544987540e-01
 210  3.6097126724236306e-01
 819  3.6197468515045977e-01
 647  3.6340056195045728e-01
 865  3.6667612034699598e-01
 488  3.6840863747584063e-01
 485  3.8460627067217940e-01
 704  3.9442505025098035e-01
 589  3.9507395502130760e-01
 781  3.9597236735316266e-01
 244  4.1013518881410277e-01
 243  4.1479219283660324e-01
 673  4.2653142798411364e-01
 438  4.2761573783811707e-01
 542  4.2918373399754833e-01
 801  4.3749648304705901e-01
 380  4.4608238914471654e-01
 473  4.4848455451519842e-01
 379  4.4883609011321446e-01
 594  4.4884877138143792e-01
 568  4.5039552193426929e-01
 818  4.5657501321652821e-01
 646  4.7392543532789422e-01
 565  4.7470239217803900e-01
 431  4.7674201068198407e-01
 484  4.9369639943559723e-01
 483  4.9649243523310072e-01
 780  4.9933139758609946e-01
 588  5.0427380855222959e-01
 587  5.0925267979073185e-01
 242  5.2294255456255501e-01
 672  5.4069539192688665e-01
 800  5.4523844402356469e-01
 239  5.4747311931177756e-01
 817  5.5380490561770268e-01
 472  5.5973767106515260e-01
 378  5.6388176596456674e-01
 174  5.6466601082985091e-01
 793  5.8497757043534326e-01
 564  5.8509558695622277e-01
 375  5.8694780787984235e-01
 657  5.8789974458899585e-01
 469  5.8854252246088445e-01
 563  5.9034841107455505e-01
 430  5.9444217874967287e-01
 482  6.0853378170766237e-01
 586  6.2048049074965417e-01
 777  6.3967087557506164e-01
 230  6.4101625452432531e-01
 415  6.4287375546311232e-01
 583  6.4291943217500369e-01
 557  6.4705472396301933e-01
 238  6.5479614056470581e-01
 609  6.7105248070530821e-01
 792  6.8552354088500189e-01
 468  6.9218388502181438e-01
 656  6.9255705923466371e-01
 441  6.9409302503145609e-01
 562  6.9565278043730949e-01
 374  6.9748579212933359e-01
 467  6.9750720200078609e-01
 789  7.1223548148064053e-01
 367  7.2399707154580106e-01
 229  7.3028251161890012e-01
 248  7.3094608806368622e-01
 649  7.3735567853950612e-01
 582  7.4394029764699310e-01
 556  7.4419435779093424e-01
 461  7.4794046762976441e-01
 555  7.4899663644684533e-01
 414  7.5012146733109919e-01
 608  7.6460286141966471e-01
 440  7.8344748541503595e-01
 466  7.8774994750381377e-01
 788  7.9546124602321022e-01
 787  8.0002622479899499e-01
 228  8.1112965768147416e-01
 437  8.1184208439947914e-01
 541  8.1215106110293800e-01
 366  8.1564037915585830e-01
 208  8.1703356492854762e-01
 648  8.1790374802420118e-01
 864  8.2169850280786283e-01
 223  8.2184672108727097e-01
 593  8.2650569027108356e-01
 460  8.2726898405442895e-01
 554  8.2965694657918587e-01
 459  8.3110985169987828e-01
 351  8.3443613192045429e-01
 551  8.4006729542341962e-01
 645  8.4288245359103853e-01
 779  8.5898060264406240e-01
 786  8.6621355609162498e-01
 241  8.7280169383534667e-01
 205  8.7521236431441185e-01
 436  8.7594403521223485e-01
 540  8.7698821221224110e-01
 435  8.7922334150833259e-01
 539  8.7952853786533336e-01
 592  8.8581808048479727e-01
 222  8.8726738531504901e-01
 458  8.9153710643894957e-01
 377  8.9371494598565171e-01
 455  8.9790202864935909e-01
 644  8.9827569276398256e-01
 550  8.9907896243292329e-01
 350  8.9952576262849082e-01
 643  9.0111183445406362e-01
 778  9.0709816926364562e-01
 429  9.0788694922484825e-01
 319  9.0914258115649460e-01
 481  9.1500450909340936e-01
 240  9.1804391974935529e-01
 585  9.2055055302286526e-01
 204  9.2113168207040508e-01
 816  9.2272654363621043e-01
 434  9.2515626317946831e-01
 538  9.2598828570727409e-01
 172  9.2603884973713813e-01
 535  9.2981417566412239e-01
 237  9.3382101792439864e-01
 376  9.3409207413052320e-01
 454  9.3862946714592133e-01
 642  9.3965542270104974e-01
 428  9.4402107693678605e-01
 427  9.4550726486044256e-01
 480  9.4783057632758350e-01
 373  9.4870366192901001e-01
 561  9.4899604649102343e-01
 318  9.4947585937973522e-01
 584  9.5142763298037680e-01
 776  9.5205193382728937e-01
 775  9.5371147842526149e-01
 170  9.5405052151140490e-01
 201  9.5557614871901930e-01
 196  9.5819415648954143e-01
 534  9.5950965961071810e-01
 236  9.5989494603241499e-01
 235  9.6144092661333769e-01
 527  9.6204595446727104e-01
 581  9.6346049832133751e-01
 413  9.6444535514695340e-01
 426  9.6865894876737224e-01
 560  9.6976205000520943e-01
 372  9.7016902270271366e-01
 423  9.7020245550652884e-01
 371  9.7109748253553152e-01
 774  9.7310470933474091e-01
 163  9.7364974539824756e-01
 465  9.7491957972169496e-01
 234  9.7771935821507960e-01
 175  9.7788740488360193e-01
 580  9.7895001707481843e-01
 526  9.7924814560619333e-01
 227  9.7971550940867458e-01
 579  9.7983117236013273e-01
 412  9.7994608662937521e-01
 365  9.8031339609672463e-01
 411  9.8050448180258809e-01
 553  9.8363393021922918e-01
 422  9.8371722266427342e-01
 370  9.8396773990492326e-01
 771  9.8534828097235261e-01
 464  9.8571901086841773e-01
 151  9.8589138269477372e-01
 226  9.8845338449312370e-01
 578  9.8883623489829175e-01
 364  9.8923256783989144e-01
 410  9.8949442247590058e-01
 363  9.8959243325620838e-01
 785  9.8977836483020776e-01
 407  9.8999011249802127e-01
 552  9.9088841352802604e-01
 221  9.9242657218459784e-01
 457  9.9319836796366545e-01
 150  9.9357138726239635e-01
 225  9.9370660344579620e-01
 349  9.9391758709476319e-01
 127  9.9399896209187633e-01
 549  9.9404342569583271e-01
 784  9.9434711450513757e-01
 362  9.9453784621968988e-01
 359  9.9483593700754080e-01
 406  9.9484786201909270e-01
 399  9.9510476148388594e-01
 220  9.9598481781475956e-01
 219  9.9617423599071098e-01
 203  9.9626864787028346e-01
 456  9.9633893602257773e-01
 433  9.9671276226988037e-01
 537  9.9676398334827332e-01
 548  9.9682803003923570e-01
 348  9.9683628931535306e-01
 347  9.9699845328523851e-01
 547  9.9699900718568557e-01
 126  9.9737207736623767e-01
 358  9.9738369892437939e-01
 398  9.9753024337873863e-01
 453  9.9775622836355593e-01
 641  9.9784556472517738e-01
 202  9.9803324400602245e-01
 218  9.9804617350014424e-01
 215  9.9819155967457218e-01
 432  9.9826387244959436e-01
 536  9.9830356060880088e-01
 546  9.9842981230595318e-01
 317  9.9844432725752141e-01
 346  9.9850126660306104e-01
  69  9.9863412203699531e-01
 343  9.9863885847981804e-01
 452  9.9883655534258275e-01
 640  9.9886670335419647e-01
 451  9.9891196200581456e-01
 533  9.9901956631577171e-01
 211  9.9909599275733829e-01
 316  9.9922582398267523e-01
 315  9.9930782683012898e-01
 168  9.9931536587865877e-01
 342  9.9932522753434416e-01
 200  9.9932707879514415e-01
 335  9.9938437660403168e-01
 425  9.9941719353314096e-01
 450  9.9943506270913696e-01
 194  9.9943937410155936e-01
 199  9.9944498536752946e-01
 532  9.9950358612281309e-01
 531  9.9954929754796928e-01
 773  9.9956814180152598e-01
 314  9.9966186674734747e-01
 334  9.9969406882238521e-01
 424  9.9970568947415028e-01
 233  9.9970636621756381e-01
 311  9.9971599270704681e-01
 193  9.9974217767432183e-01
 197  9.9974968277059084e-01
 525  9.9975086743014596e-01
 162  9.9976298368167726e-01
 530  9.9976684472239918e-01
 772  9.9978208430299653e-01
 421  9.9984949496961784e-01
 369  9.9985221194629947e-01
 232  9.9985225772289210e-01
 310  9.9985405423787077e-01
 303  9.9987231510255559e-01
 524  9.9987649118296718e-01
 523  9.9989405803588338e-01
 190  9.9989461979784433e-01
 161  9.9990714520119595e-01
 191  9.9991117558146125e-01
 173  9.9991334500109852e-01
 420  9.9992520085988712e-01
 368  9.9992583778672228e-01
 770  9.9992670379635495e-01
 577  9.9992828183469462e-01
 419  9.9993612883717664e-01
 297  9.9993769908224661e-01
 287  9.9993775560592701e-01
 409  9.9994107137470511e-01
 522  9.9994322912252909e-01
 519  9.9994999112638205e-01
 184  9.9995936782016503e-01
 576  9.9996318882802637e-01
 418  9.9996522186604297e-01
 769  9.9996912949923333e-01
 272  9.9997032022718690e-01
 408  9.9997075157803295e-01
 171  9.9997311135273959e-01
 516  9.9997483530993125e-01
 149  9.9998274691181466e-01
 224  9.9998546672723865e-01
 361  9.9998554103063331e-01
 405  9.9998736882086847e-01
 167  9.9999140111090579e-01
 148  9.9999190356261836e-01
 360  9.9999232548535533e-01
 404  9.9999323500784565e-01
 403  9.9999483674663325e-01
 147  9.9999513408212826e-01
 159  9.9999615980566814e-01
 357  9.9999642941341349e-01
 397  9.9999672708755682e-01
 401  9.9999690235695526e-01
 125  9.9999724804206847e-01
 145  9.9999746507921317e-01
 143  9.9999747193248845e-01
 217  9.9999758863301635e-01
 356  9.9999762875876297e-01
 214  9.9999769714448150e-01
 396  9.9999776335309842e-01
 545  9.9999782470760268e-01
 355  9.9999799830838465e-01
 124  9.9999807485376235e-01
 395  9.9999809302324472e-01
  68  9.9999813520725533e-01
 216  9.9999821604657491e-01
 345  9.9999824326555253e-01
 140  9.9999824345166433e-01
 544  9.9999828486350517e-01
 353  9.9999841451713167e-01
 392  9.9999844079731615e-01
 393  9.9999845984415114e-01
 123  9.9999851120554561e-01
 344  9.9999851218077285e-01
 213  9.9999854989046910e-01
 137  9.9999855583514374e-01
 387  9.9999862032532671e-01
 121  9.9999863523268984e-01
 120  9.9999866438979923e-01
 198  9.9999867090906802e-01
 449  9.9999868060008579e-01
 209  9.9999870289269510e-01
 341  9.9999870503271715e-01
 115  9.9999870930114898e-01
 111  9.9999871242947413e-01
  66  9.9999871915040961e-01
 448  9.9999872414781033e-01
 340  9.9999873886822133e-01
 103  9.9999874182236359e-01
  98  9.9999874232326880e-01
  59  9.9999874806312894e-01
 192  9.9999874992087301e-01
 207  9.9999875334843524e-01
 339  9.9999875486642487e-01
  79  9.9999875694899576e-01
 338  9.9999875791534876e-01
 313  9.9999876053196701e-01
 333  9.9999876162030843e-01
 529  9.9999876316761904e-01
 302  9.9999876633206775e-01
 528  9.9999876710862023e-01
 332  9.9999876711886393e-01
 312  9.9999876734698323e-01
  49  9.9999876757232176e-01
  57  9.9999876809853772e-01
 160  9.9999876893095629e-01
 331  9.9999876959569955e-01
 330  9.9999876980221403e-01
 195  9.9999876996087378e-01
 309  9.9999877024454908e-01
 296  9.9999877046209362e-01
 286  9.9999877050635444e-01
 327  9.9999877067548382e-01
  39  9.9999877072973298e-01
 518  9.9999877101280010e-01
 323  9.9999877120336600e-01
 308  9.9999877131001258e-01
 189  9.9999877146717486e-01
 768  9.9999877148253813e-01
 521  9.9999877151424499e-01
 301  9.9999877155833550e-01
 188  9.9999877159495631e-01
 307  9.9999877160181028e-01
 299  9.9999877166186979e-01
 305  9.9999877167307638e-01
 520  9.9999877167675044e-01
 185  9.9999877168825813e-01
 417  9.9999877168978335e-01
 294  9.9999877170703111e-01
 291  9.9999877172480778e-01
 517  9.9999877173030494e-01
 288  9.9999877173720031e-01
 289  9.9999877173720031e-01
 290  9.9999877173724461e-01
 292  9.9999877173735141e-01
 293  9.9999877173735141e-01
 295  9.9999877173737706e-01
 101  9.9999877174072860e-01
 102  9.9999877174072960e-01
 100  9.9999877174073037e-01
  99  9.9999877174074658e-01
 285  9.9999877174557938e-01
 138  9.9999877174646923e-01
 139  9.9999877174646967e-01
 416  9.9999877174802987e-01
 270  9.9999877174891449e-01
 187  9.9999877175220175e-01
 320  9.9999877175282426e-01
 322  9.9999877175282492e-01
 321  9.9999877175282537e-01
 269  9.9999877175481577e-01
 268  9.9999877175746255e-01
 259  9.9999877175907936e-01
 254  9.9999877175908913e-01
 251  9.9999877175909058e-01
 255  9.9999877175909080e-01
 249  9.9999877175909113e-01
 166  9.9999877175956653e-01
 182  9.9999877175981988e-01
 265  9.9999877175989316e-01
 266  9.9999877175997021e-01
 267  9.9999877175997054e-01
 271  9.9999877175997076e-01
 264  9.9999877176100427e-01
 262  9.9999877176100438e-01
 261  9.9999877176100505e-01
 263  9.9999877176100505e-01
 304  9.9999877176416863e-01
 306  9.9999877176441387e-01
 283  9.9999877176512608e-01
 514  9.9999877176516827e-01
 144  9.9999877176804264e-01
 114  9.9999877176876206e-01
 112  9.9999877176879270e-01
 113  9.9999877176879293e-01
  77  9.9999877176891494e-01
  74  9.9999877176891505e-01
  75  9.9999877176891505e-01
  76  9.9999877176891516e-01
  72  9.9999877176891538e-01
  73  9.9999877176891538e-01
  78  9.9999877176891550e-01
  70  9.9999877176891616e-01
  71  9.9999877176891616e-01
  50  9.9999877177417384e-01
  51  9.9999877177417384e-01
  58  9.9999877177418572e-01
  64  9.9999877177418584e-01
  65  9.9999877177418595e-01
  60  9.9999877177418794e-01
  61  9.9999877177418794e-01
  62  9.9999877177418850e-01
  63  9.9999877177418850e-01
  67  9.9999877177418894e-01
 108  9.9999877177426033e-01
 106  9.9999877177426066e-01
 107  9.9999877177426066e-01
  53  9.9999877177426211e-01
  52  9.9999877177426222e-01
 104  9.9999877177426633e-01
 105  9.9999877177426633e-01
  55  9.9999877177426644e-01
  54  9.9999877177426710e-01
  56  9.9999877177426766e-01
 336  9.9999877177432206e-01
 337  9.9999877177437246e-01
 110  9.9999877177439589e-01
 109  9.9999877177439611e-01
 181  9.9999877177448293e-01
 142  9.9999877177454444e-01
 281  9.9999877177481633e-01
 141  9.9999877177491658e-01
 186  9.9999877177523266e-01
 146  9.9999877177571306e-01
 329  9.9999877177729068e-01
 328  9.9999877177729091e-01
 169  9.9999877177733931e-01
 513  9.9999877177880836e-01
 180  9.9999877177900565e-01
 300  9.9999877177944696e-01
 325  9.9999877177947849e-01
 324  9.9999877177948093e-01
 326  9.9999877177950525e-01
 298  9.9999877177950736e-01
 158  9.9999877177982421e-01
 165  9.9999877178073593e-01
  90  9.9999877178076224e-01
  91  9.9999877178076235e-01
  96  9.9999877178076291e-01
  92  9.9999877178076335e-01
  94  9.9999877178076335e-01
  93  9.9999877178076346e-01
  97  9.9999877178076380e-01
  95  9.9999877178076435e-01
  84  9.9999877178076502e-01
  85  9.9999877178076502e-01
  86  9.9999877178076502e-01
  87  9.9999877178076502e-01
  88  9.9999877178076690e-01
  89  9.9999877178076690e-01
  80  9.9999877178077656e-01
  81  9.9999877178077656e-01
  82  9.9999877178077667e-01
  83  9.9999877178077667e-01
 164  9.9999877178092134e-01
 118  9.9999877178136987e-01
 119  9.9999877178137353e-01
 117  9.9999877178139962e-01
 116  9.9999877178139995e-01
 122  9.9999877178148922e-01
 152  9.9999877178211727e-01
 153  9.9999877178211727e-01
 155  9.9999877178211871e-01
 154  9.9999877178213215e-01
 133  9.9999877178214613e-01
 132  9.9999877178214636e-01
 131  9.9999877178220531e-01
 130  9.9999877178220542e-01
 128  9.9999877178221186e-01
 129  9.9999877178221186e-01
 157  9.9999877178238528e-01
 156  9.9999877178240137e-01
 135  9.9999877178242746e-01
 134  9.9999877178242758e-01
 136  9.9999877178245011e-01
 206  9.9999877178314422e-01
 352  9.9999877178314633e-01
 402  9.9999877178349417e-01
 394  9.9999877178350527e-01
 183  9.9999877178437746e-01
  48  9.9999877178469743e-01
  44  9.9999877178469876e-01
  45  9.9999877178469876e-01
  46  9.9999877178469887e-01
  47  9.9999877178469954e-01
  40  9.9999877178470942e-01
  41  9.9999877178470942e-01
  42  9.9999877178471208e-01
  43  9.9999877178471208e-01
 177  9.9999877178533025e-01
 176  9.9999877178533036e-01
 178  9.9999877178539209e-01
 179  9.9999877178539209e-01
 274  9.9999877178558116e-01
 275  9.9999877178558116e-01
 273  9.9999877178558205e-01
 279  9.9999877178561758e-01
 278  9.9999877178561802e-01
 276  9.9999877178561836e-01
 277  9.9999877178561836e-01
 280  9.9999877178561891e-01
 284  9.9999877178584784e-01
 282  9.9999877178585705e-01
 400  9.9999877178619723e-01
 515  9.9999877178660312e-01
 386  9.9999877178685814e-01
 385  9.9999877178703755e-01
 384  9.9999877178703978e-01
 390  9.9999877178740870e-01
 391  9.9999877178743279e-01
 388  9.9999877178745600e-01
 389  9.9999877178745922e-01
 212  9.9999877178749441e-01
   2  9.9999877178761098e-01
   3  9.9999877178761098e-01
   0  9.9999877178761110e-01
   1  9.9999877178761110e-01
   4  9.9999877178761121e-01
   5  9.9999877178761121e-01
   6  9.9999877178761121e-01
   7  9.9999877178761121e-01
   8  9.9999877178761121e-01
   9  9.9999877178761121e-01
  10  9.9999877178761121e-01
  11  9.9999877178761121e-01
  12  9.9999877178761121e-01
  13  9.9999877178761121e-01
  14  9.9999877178761121e-01
  15  9.9999877178761121e-01
 512  9.9999877178794294e-01
 354  9.9999877178832819e-01
  20  9.9999877178854779e-01
  21  9.9999877178854779e-01
  22  9.9999877178854779e-01
  23  9.9999877178854779e-01
  16  9.9999877178854790e-01
  17  9.9999877178854790e-01
  18  9.9999877178854801e-01
  19  9.9999877178854801e-01
  34  9.9999877178857166e-01
  35  9.9999877178857166e-01
  32  9.9999877178857466e-01
  33  9.9999877178857466e-01
  28  9.9999877178857488e-01
  29  9.9999877178857488e-01
  30  9.9999877178857488e-01
  31  9.9999877178857488e-01
  24  9.9999877178857499e-01
  25  9.9999877178857499e-01
  26  9.9999877178857510e-01
  27  9.9999877178857510e-01
  37  9.9999877178857510e-01
  38  9.9999877178857677e-01
  36  9.9999877178857777e-01
