0 0 0 0 0 0 0 2 0 0 0 2 0 0 2 0 0 0 2 0 2 0 2 0 0 0 2 0 0 0 2 0 0 0 1 0 2 0 2 0 0 2 0 2 0 2 0 2 0 0 2 0 0 0 2 0 2 0 1 0 2 0 2 0 2 0 0 2 0 2 0 2 0 2 0 2 0 2 0 2 0 0 2 0 1 0 0 2 0 0 1 0 2 0 2 0 1 0 0 2 0 0 0 2 0 0 2 0 2 0 1 0 0 2 0 2 0 1 0 2 0 0 1 0 1 0 0 2 0 1 0 2 0 2 0 0 1 0 2 0 1 0 2 0 2 0 2 0 1 0 2 0 0 2 0 2 0 0 0 2 0 2 0 2 0 0 2 0 1 0 1 0 2 0 1 0 2 0 2 0 2 0 0 2 0 2 0 0 0 2 0 2 0 0 2 0 0 0 2 0 2 0 0 2 0 2 0 2 0 2 0 2 0 0 2 0 2 0 1 0 1 0 0 1 0 2 0 0 2 0 1 0 1 0 1 0 2 0 2 0 2 0 1 0 2 0 1 0 2 0 0 2 0 2 0 0 2 0 1 0 2 0 1 0 2 0 2 0 1 0 0 0 1 0 2 0 1 0 1 0 2 0 0 2 0 0 2 0 0 0 2 0 1 0 1 0 2 0 2 0 1 0 0 0 0 0 0 0 1 0 2 0 0 0 0 0 0 0 0 0 0 0 1 0 2 0 1 0 0 1 0 0 1 0 0 2 0 2 0 2 0 2 0 0 2 0 0 2 0 0 2 0 1 0 2 0 1 0 2 0 1 0 1 0 1 0 0 0 1 0 0 2 0 0 1 0 1 0 1 0 1 0 0 2 0 0 2 0 1 0 0 0 0 0 0 0 2 0 0 0 1 0 2 0 2 0 1 0 1 0 1 0 0 0 2 0 0 0 0 0 1 0 0 0 0 0 0 0 2 0 0 0 1 0 2 0 2 0 1 0 0 0 0 0 2 0 0 0 0 0 0 0 0 0 0 0 0 0 1 0 1 0 0 0 0 0 1 0 2 0 0 0 0 0 0 0 1 0 0 0 1 0 0 0 0 0 0 0 1 0 0 0 0 0 0 0 0 0 0 0 0 0 0 0 0 0 0 0 0 0 0 
0 0 2 0 2 0 2 0 2 0 2 0 1 0 2 0 2 0 2 0 2 0 1 0 2 0 2 0 2 0 0 2 0 2 0 2 0 2 0 2 0 2 0 2 0 2 0 0 2 0 2 0 2 0 1 0 1 0 0 2 0 2 0 2 0 2 0 0 1 0 1 0 2 0 0 2 0 2 0 1 0 1 0 2 0 0 1 0 1 0 2 0 1 0 0 2 0 0 0 2 0 1 0 2 0 2 0 2 0 1 0 0 2 0 1 0 2 0 2 0 2 0 2 0 2 0 1 0 2 0 2 0 1 0 1 0 2 0 2 0 2 0 0 2 0 0 0 2 0 0 1 0 0 0 2 0 0 2 0 2 0 2 0 2 0 0 2 0 0 1 0 0 2 0 0 2 0 0 0 2 0 0 2 0 1 0 0 2 0 0 1 0 0 0 1 0 0 0 2 0 2 0 2 0 2 0 1 0 0 0 0 0 2 0 0 0 0 0 1 0 2 0 1 0 2 0 0 0 0 0 1 0 0 0 2 0 2 0 0 0 1 0 0 0 0 0 0 0 0 0 0 0 0 0 0 
0 0 2 0 2 0 2 0 2 0 2 0 0 2 0 2 0 2 0 2 0 1 0 2 0 2 0 2 0 1 0 0 2 0 1 0 2 0 1 0 0 2 0 2 0 1 0 2 0 2 0 2 0 2 0 0 2 0 2 0 2 0 1 0 2 0 2 0 1 0 2 0 0 2 0 2 0 0 2 0 2 0 0 2 0 0 1 0 0 1 0 0 1 0 0 2 0 2 0 0 2 0 1 0 0 2 0 0 0 2 0 2 0 0 0 0 0 2 0 0 0 0 0 0 0 0 0 
0 2 0 0 1 0 1 0 1 0 1 0 0 2 0 0 2 0 2 0 0 2 0 1 0 2 0 0 1 0 1 0 2 0 0 2 0 2 0 0 1 0 0 2 0 0 1 0 1 0 2 0 1 0 2 0 0 0 2 0 0 0 2 
0 2 0 2 0 0 2 0 2 0 1 0 1 0 2 0 2 0 1 0 2 0 0 2 0 2 0 2 0 1 0 
0 2 0 2 0 0 2 0 2 0 2 0 1 0 1 
0 1 0 2 0 2 0 
0 2 0 
1 
 975  0.0000000000000000e+00
 991  0.0000000000000000e+00
1015  0.0000000000000000e+00
 990  1.5327074259955142e-35
1019  3.1815731640347526e-35
 999  4.9923819199267146e-34
1007  1.1975449093674850e-33
 863  3.9943941435863252e-33
 974  5.3426644971502066e-33
 911  6.5186649317859141e-33
 951  8.6539131035081621e-32
 987  2.2832549980642764e-31
 623  6.2016905626735218e-31
 959  2.8847788387347663e-30
 971  7.1664600682826809e-30
 927  1.0315979695924079e-29
 641  3.8799495199899035e-29
 831  4.0998264720205394e-29
 989  9.6002650149806410e-29
1011  9.9546548129370286e-29
 855  2.0422406234754773e-27
1003  5.5423611988909598e-27
 791  1.1873389327649464e-26
 973  3.7888964122509218e-26
1014  4.1142915934236939e-26
 615  4.7742080909904980e-26
1023  9.4940756548145905e-26
 910  3.7781823843727186e-25
 859  4.1014911914909379e-25
 862  4.4986987090976271e-25
 799  2.5854760067034485e-24
 907  3.7314405748380930e-24
 839  3.9254533028571250e-24
 640  7.1690939514969933e-24
 887  7.4101116937549524e-24
 637  1.8118151275410286e-23
 735  7.4926669828546495e-23
1022  8.5125604070002020e-23
1021  3.7643468732937291e-22
1013  6.0287117210569703e-22
1006  8.2540141607872514e-22
 909  2.1228293994099891e-21
 988  3.6505380596234506e-21
 861  5.0986182573298952e-21
1005  6.1533687156363421e-21
 847  1.4352461208034865e-20
1018  1.9597195809003612e-20
1020  2.0974464503929084e-20
 983  2.3348354524867877e-20
1017  2.3952347017216145e-20
 854  3.4423459629315129e-20
 986  3.7364251642308143e-20
 583  5.8941705669726915e-20
 967  6.9730670037315218e-20
 935  8.6124205126062083e-20
 926  9.5306841130430043e-20
 985  1.0978183353695766e-19
 998  2.4209039445923642e-19
 997  3.0117888599099599e-19
 981  7.2370648753292021e-19
 958  7.2782584002228097e-19
 972  8.2682927767071766e-19
 919  1.1485852747409293e-18
 970  1.3341751017403634e-18
 957  1.6021197622799305e-18
 903  1.6830300773894084e-18
 860  1.7486854784585918e-18
 969  1.8498235565840610e-18
 963  1.9546190770798174e-18
 635  2.1686229166914972e-18
 995  2.3949807692839183e-18
 950  3.3101404551095228e-18
 511  3.4840954848793265e-18
 925  4.2365066361058794e-18
 622  5.7978368611032333e-18
 982  6.0681011558527896e-18
 787  6.4044681145342090e-18
 943  9.9815608920731908e-18
 619  1.0363571218970899e-17
 979  1.1669267464652702e-17
 923  1.2631347119030647e-17
 851  1.3216751297774666e-17
 611  1.4281121945713161e-17
 853  1.5266690088212196e-17
 965  1.7439190730234230e-17
 966  1.7803222901245031e-17
 955  2.3384562567876380e-17
 908  2.5498792996174845e-17
1012  3.3520845461372464e-17
 830  4.2602437325670920e-17
 775  6.0701143169176220e-17
 871  6.8637109574525277e-17
 886  1.1349550200341119e-16
 559  1.1883846059556618e-16
 949  1.2689684032928329e-16
1010  2.4292604847468686e-16
1009  2.6077949173230104e-16
 901  3.6098856505051371e-16
 902  3.9487315052418236e-16
 815  5.9126874322802323e-16
 595  6.3416914376291421e-16
 621  6.6729825337319865e-16
 790  7.0651462143415147e-16
 843  8.0577037107385003e-16
 599  8.8961180733099281e-16
 797  9.7163714180602868e-16
 759  1.2844444230887131e-15
 727  1.3945133305932576e-15
 633  1.4928859656967293e-15
 789  1.5441934204345256e-15
 795  1.9721885028791440e-15
 798  2.0651764007556775e-15
 823  2.2680838521685057e-15
 906  2.7558104911410865e-15
 711  4.4207602894795463e-15
1016  5.9954527570708272e-15
 858  6.2184309983087345e-15
 895  7.7578903514801171e-15
 829  8.2593733202866469e-15
 734  1.0895909914495235e-14
1004  1.2019261544716954e-14
 636  1.3858014062124213e-14
 905  1.6283164630566892e-14
 857  1.6294630652931593e-14
 321  1.6913974136028191e-14
1002  1.8913444502656776e-14
1001  2.2413195824609051e-14
 827  2.5084121621293276e-14
 852  2.5587835103165942e-14
 947  2.8626503091953122e-14
 634  3.1775903322252479e-14
 627  4.1198779142853082e-14
 783  4.1492464965682133e-14
 771  4.3895182260252827e-14
 614  5.0340028713394329e-14
 613  5.2093112046482288e-14
 733  6.8145259509850011e-14
 607  9.3900107213046386e-14
 899  1.0140834568421605e-13
 948  1.0263829938289297e-13
 731  1.3620296413255828e-13
 723  2.0786109963684180e-13
 849  2.1029599988650146e-13
 631  2.3374348133271176e-13
 900  2.6553213054136016e-13
 846  5.6619867240424170e-13
 632  6.0064437000159429e-13
 543  6.9846805579623826e-13
 845  7.1786380168942513e-13
 945  7.9882866413183780e-13
 850  8.8726868722576516e-13
 579  9.8936823066862536e-13
 571  1.0217455384372906e-12
 687  1.3483330384194013e-12
 391  1.5519425898535797e-12
 838  1.7703997321656112e-12
 897  1.9140411993208921e-12
 837  1.9396399902427879e-12
1008  3.2049870618444913e-12
 946  3.4867334908626964e-12
 835  3.5799327585901629e-12
 582  4.4756064061860392e-12
 509  4.8524994472501373e-12
 581  5.1437056466477783e-12
 996  5.3392644421785014e-12
 994  5.3475266812279713e-12
 993  5.3640427928311583e-12
1000  6.0949674844089153e-12
 984  7.7884393768529374e-12
 980  7.7927390090633525e-12
 978  7.8011715589146636e-12
 977  7.8180821842649695e-12
 510  8.5632176380921310e-12
 956  1.5556729322079297e-11
 954  1.5584678206396292e-11
 953  1.5602337369750320e-11
 495  1.6781276186846635e-11
 968  1.7311524133179439e-11
 964  1.7339461479268654e-11
 962  1.7376796241572777e-11
 848  1.7436483888844593e-11
 961  1.7451545200060819e-11
 885  2.5081654166258984e-11
 504  2.5436332124812333e-11
 594  3.0252847318390007e-11
 941  3.1206210522815601e-11
 786  3.2885934304123732e-11
 883  4.2744313274114402e-11
 587  5.2928235380233706e-11
 620  6.2944706360667478e-11
 618  6.3014695655944545e-11
 617  6.3155659959498930e-11
 315  6.6258259776219032e-11
 577  6.6842757243958408e-11
 942  6.7426606124330751e-11
 934  7.3875188256107805e-11
 933  7.4011353119363943e-11
 924  7.5661509910512596e-11
 922  7.5997090431652257e-11
 921  7.6261758552586153e-11
 785  9.2434167400426146e-11
 939  1.0319799776595266e-10
 896  1.1197794453853347e-10
 918  1.3335168223120059e-10
 917  1.3362527652776035e-10
 931  1.3534083445139701e-10
 593  1.5351965608977131e-10
 944  1.6834575720627327e-10
 605  2.3312161955988165e-10
 828  2.3728563603841861e-10
 856  2.3851467037140658e-10
 825  2.3909568487109175e-10
 915  2.6667572020140516e-10
 893  3.0010444393751140e-10
 826  3.8419722545639987e-10
 768  4.1337587648514401e-10
 359  4.2202818656284514e-10
 788  4.2423916381606681e-10
 479  4.6140041693608722e-10
 822  4.6577689038719551e-10
 375  5.2149316867129842e-10
 821  6.1600700348864054e-10
 867  6.3811578604491048e-10
 387  7.4820113184456513e-10
 774  7.7454701721225228e-10
 773  7.9778336242849969e-10
 904  8.2313815131087979e-10
 898  9.1341849746048746e-10
 814  9.9337786978015376e-10
 508  1.1520960068708911e-09
 894  1.2079662568291684e-09
 373  1.2249254494581649e-09
 813  1.3087008796465559e-09
 879  1.3786129648822913e-09
 551  1.5142849342693195e-09
 558  1.5334483214464095e-09
 891  1.5368824675291313e-09
 557  1.5426673284915837e-09
 881  1.7406934922018162e-09
 884  2.2363999924965386e-09
 313  2.3023073839923492e-09
 390  2.7327289929750541e-09
 722  2.7814261147984671e-09
 606  2.9797764621180747e-09
 842  2.9936507033883569e-09
 841  2.9942939604318808e-09
 555  3.2436635452733231e-09
 870  3.2890384754929773e-09
 869  3.2942726555973451e-09
 612  3.7271516405252768e-09
 758  3.9251410361845682e-09
 757  3.9366596497527266e-09
 882  3.9480027170281648e-09
 320  4.0140400449745940e-09
 610  4.2258658241783333e-09
 609  4.2259405877849256e-09
 576  4.4625899760981811e-09
 781  5.1198665281709826e-09
 782  5.4788406112281152e-09
 721  5.6065053823887462e-09
 755  5.9290733716930464e-09
 542  6.6177079821704425e-09
 541  6.7274570048168602e-09
 819  7.7894800587120956e-09
 686  8.0156969535229810e-09
 784  8.2663752269153337e-09
 807  9.0082382212532297e-09
 707  9.1839177189151953e-09
 726  9.4334356595545928e-09
 725  9.5129478317082685e-09
 592  1.0655896744446719e-08
 747  1.0666893108887868e-08
 710  1.0682943135420920e-08
 779  1.0694086429093955e-08
 709  1.0856415724040906e-08
 715  1.0967526659515330e-08
 568  1.1519808585960058e-08
 598  1.4190883029446328e-08
 597  1.4383807667538680e-08
 287  1.4448224901185554e-08
 811  1.6452182578343435e-08
 317  1.8357795112407038e-08
 676  1.8855491144007675e-08
 796  1.9152371537777924e-08
 794  1.9153634707214644e-08
 793  1.9156563447828881e-08
 765  1.9285307657892418e-08
 372  2.3114158771368614e-08
 448  2.3686340822431938e-08
 591  2.8390943940168558e-08
 699  3.4162881150579216e-08
 719  4.0203883813130850e-08
 305  4.1514799192025126e-08
 626  4.7452563462509706e-08
 625  4.8204521759197024e-08
 527  5.2382796612526179e-08
 312  5.6045889948897605e-08
 880  5.9993685290298569e-08
 732  6.3976198359873628e-08
 730  6.4017203665438962e-08
 729  6.4030892614073891e-08
 580  8.5174183331190155e-08
 578  9.2912194927879947e-08
 706  9.9604589442574955e-08
 630  1.0148742859381277e-07
 575  1.0622991501839396e-07
 608  1.2885353439570237e-07
 684  1.4464528485936837e-07
 535  1.4484153670848351e-07
 754  1.5013650300733452e-07
 720  1.5040087355218063e-07
 629  1.5162950049181383e-07
 663  1.6143010201640357e-07
 570  1.6227686114059295e-07
 507  1.7780580465643449e-07
 505  1.8644187765003992e-07
 569  1.9679979478643868e-07
 565  2.2474670296810093e-07
 539  2.7493887528161436e-07
 506  3.1562961303580985e-07
 770  3.3515560499090883e-07
 769  3.3519932742343175e-07
 681  3.4446759004284235e-07
 368  3.4629842912219497e-07
 501  3.5751425558279499e-07
 603  3.5868336139538762e-07
 992  3.6345472948913245e-07
 976  3.6730172648586908e-07
 952  3.7486619745545257e-07
 940  3.9026562011345398e-07
 938  4.2088502395648348e-07
 389  5.5008307383692799e-07
 685  5.5832741043282889e-07
 868  6.1892514330354353e-07
 314  6.7759211758322154e-07
 960  7.7257875815139501e-07
 932  7.9732702592904211e-07
 494  8.2731008139768858e-07
 930  8.3005271711737844e-07
 929  8.9525437321735946e-07
 358  8.9795454610423978e-07
 388  1.0207266357990301e-06
 616  1.0570270680465692e-06
 493  1.0622526624175730e-06
 836  1.0987681052350690e-06
 834  1.0988393198438170e-06
 833  1.0989619718594219e-06
 844  1.1014825308224062e-06
 604  1.1645500368853547e-06
 602  1.2374002118057244e-06
 937  1.2604138263912195e-06
 920  1.4527062203261449e-06
 916  1.4716211094313717e-06
 914  1.5083692698936442e-06
 913  1.5815781516518470e-06
 308  1.7856288800305887e-06
 316  2.1622074825780657e-06
 840  2.2576628943454161e-06
 502  2.2793382980479443e-06
 866  2.3344777645429660e-06
 386  2.3419844691891696e-06
 865  2.5227933418025003e-06
 374  2.5330435190598066e-06
 499  2.5511058851542147e-06
 680  2.5579181457911010e-06
 385  2.7862764632286593e-06
 892  2.9472971131449245e-06
 624  2.9678983266707180e-06
 890  2.9945849150556858e-06
 824  3.1118555689058598e-06
 820  3.1598068994405934e-06
 487  3.1911292653816951e-06
 478  3.2083625700662876e-06
 818  3.2552515547016154e-06
 357  3.2641423280304242e-06
 889  3.5644941906319940e-06
 586  3.6670671961641016e-06
 628  3.7714472622233471e-06
 752  3.7851687146677245e-06
 311  3.8091153504143889e-06
 585  3.8136488614761150e-06
 477  3.9313797004985134e-06
 299  4.4564920229332004e-06
 792  4.6737674287202754e-06
 817  4.7829488878734413e-06
 257  4.9884221297989872e-06
 491  5.1940897529054224e-06
 878  5.9044288798942025e-06
 877  6.0453124005388938e-06
 197  6.0760985673592670e-06
 812  6.2121414086701204e-06
 304  6.2681435076369558e-06
 810  6.3266917927603381e-06
 369  6.5978158174157643e-06
 767  7.7190337238154257e-06
 574  7.8259377193448043e-06
 809  8.2108198430002417e-06
 556  8.2512669654632851e-06
 554  8.4162365667498798e-06
 553  8.7508261381755280e-06
 756  9.4190718393147678e-06
 728  9.7265722307150301e-06
 471  1.0031842968710198e-05
 371  1.0041563005324086e-05
 302  1.0847693646397409e-05
 744  1.1067739159931241e-05
 753  1.1387464406180657e-05
 365  1.1930592351022321e-05
 286  1.1962179037418420e-05
 309  1.2163250186519144e-05
 875  1.2402034090007497e-05
 806  1.2402286190799418e-05
 772  1.3377157612979255e-05
 704  1.4029125107759512e-05
 601  1.4631464066670313e-05
 805  1.5028011598144715e-05
 475  1.5197215616886884e-05
 446  1.5706594862593732e-05
 550  1.6467298005081925e-05
 549  1.6925786447183948e-05
 780  1.8168308752658395e-05
 751  1.8261601759120364e-05
 778  1.8582819298682797e-05
 746  1.8699483158081745e-05
 766  1.9601672545241548e-05
 763  1.9624958626808942e-05
 463  1.9763566231574063e-05
 573  1.9911903703127033e-05
 696  2.0186904852114571e-05
 745  2.0254941267409064e-05
 540  2.0283398366926922e-05
 538  2.0721434270833084e-05
 295  2.1097346424217523e-05
 285  2.1290233491756120e-05
 355  2.1292030450712880e-05
 343  2.2577675424911883e-05
 764  2.2940014799751726e-05
 762  2.3945700320115418e-05
 718  2.4904564515206252e-05
 724  2.4966487281006667e-05
 547  2.7313453870563983e-05
 803  2.7709024613390731e-05
 832  3.0271145186117471e-05
 777  3.2237949126081314e-05
 674  3.3278135969387282e-05
 564  3.3979865727706138e-05
 741  3.5270893514350805e-05
 708  3.7071513861404421e-05
 596  3.8125443130685254e-05
 534  3.9285867520942114e-05
 705  3.9484466901025028e-05
 590  4.0181474146352362e-05
 562  4.0205418315742457e-05
 698  4.1461139318054287e-05
 537  4.1879959301867038e-05
 163  4.2116745446108027e-05
 589  4.4179243055398153e-05
 567  4.4675772459499240e-05
 750  4.4914051663336292e-05
 673  4.5443032804203600e-05
 714  4.5620272326569315e-05
 697  4.6580515386304473e-05
 351  4.7542735059898928e-05
 713  4.7846653024469015e-05
 435  4.9297009880974313e-05
 445  5.2687715175083372e-05
 283  6.2210469438220707e-05
 703  6.4196684945957408e-05
 279  6.4429740925078685e-05
 533  6.7173267478281700e-05
 717  7.0687073417589048e-05
 693  8.1733109635523260e-05
 526  8.2662712596669337e-05
 672  8.3018413228727695e-05
 443  8.3126757075416467e-05
 702  8.5375373039335507e-05
 339  8.6641039363750757e-05
 683  1.0105092863944613e-04
 682  1.0376692848143155e-04
 525  1.3811789305948814e-04
 442  1.4114584708605149e-04
 531  1.4169612623554981e-04
 271  1.5094442847541202e-04
 669  1.5774253494417313e-04
 677  1.6667978005749959e-04
 662  1.7393627643398188e-04
 657  1.7783024537595357e-04
 503  2.1651974519597283e-04
 500  2.2285543382872787e-04
 498  2.3589044206795965e-04
 384  2.5599523608451946e-04
 679  2.6508675228254115e-04
 523  2.7344039396850020e-04
 519  2.9981419060238102e-04
 492  3.2612776166671874e-04
 356  3.3209614799528095e-04
 497  3.4000114624282052e-04
 490  3.5047639754434717e-04
 354  3.5118488099359182e-04
 761  3.9330060557940028e-04
 661  4.0698940293971855e-04
 310  4.1759181275362680e-04
 306  4.5325950918130185e-04
 370  5.0990632934571842e-04
 486  5.1770665723419116e-04
 660  5.1914657589842970e-04
 489  5.1940195700177032e-04
 425  5.5443080039218641e-04
 303  5.6229879582679750e-04
 476  6.5262183257937571e-04
 298  6.7908140756718605e-04
 936  6.9550893461052901e-04
 256  7.1244350648227994e-04
 928  7.1578902523948941e-04
 474  7.3102117037731446e-04
 912  7.5331406334372625e-04
 196  7.7237798198489041e-04
 366  7.7646906367820042e-04
 297  7.9385496654729498e-04
 485  8.1126182913420668e-04
 888  8.4329849316687564e-04
 651  8.6023008101544882e-04
 307  8.9994106479671392e-04
 363  9.1339840909987686e-04
 367  9.6856077002018546e-04
 876  9.8905929143168914e-04
 600  1.0047853066468843e-03
 584  1.0521810242299140e-03
 294  1.1162161081205064e-03
 473  1.1195924038671899e-03
 194  1.1339075375464349e-03
 353  1.1526844055929290e-03
 364  1.1594942694768493e-03
 470  1.1923969540881458e-03
 572  1.2061947625398276e-03
 816  1.2069596759499823e-03
 864  1.2107838886002054e-03
 253  1.2157231566761167e-03
 701  1.2457343839746536e-03
 874  1.2710604251455779e-03
 808  1.2952271624616519e-03
 483  1.3267795636610956e-03
 284  1.3599074285032887e-03
 362  1.4161409180745274e-03
 566  1.4276100206085743e-03
 804  1.4636523456892727e-03
 552  1.5570573988440421e-03
 282  1.6128697841627908e-03
 187  1.7306187407485863e-03
 548  1.7574081865092189e-03
 338  1.7824166528598491e-03
 802  1.7827930635323673e-03
 873  1.8077023426980982e-03
 434  1.8170670695749076e-03
 563  1.8227724326501168e-03
 300  1.9009268243161332e-03
 469  1.9199319711007579e-03
 749  1.9990658053855373e-03
 243  2.0182147056611258e-03
 251  2.1315036756044516e-03
 546  2.1354999231683104e-03
 350  2.1835160534800124e-03
 444  2.3173855483179275e-03
 186  2.3614855051393036e-03
 743  2.4021901239186707e-03
 536  2.4105117017158648e-03
 776  2.4391915418590349e-03
 293  2.4851598820013051e-03
 462  2.5497603636185358e-03
 588  2.5837081182057925e-03
 278  2.6271305751482256e-03
 545  2.7337220935208244e-03
 740  2.7729595270761997e-03
 532  2.8374546832777856e-03
 467  3.1839446785719740e-03
 162  3.2076744362538124e-03
 760  3.3571992884934743e-03
 671  3.4154304006546498e-03
 716  3.4429904963050760e-03
 281  3.4608215925197245e-03
 530  3.4849256296523379e-03
 250  3.5310561893275314e-03
 738  3.7248727954011978e-03
 153  3.7834570368892781e-03
 748  3.8144097707538201e-03
 712  3.9153551806906783e-03
 801  4.0414136660960704e-03
 695  4.0492655798307483e-03
 291  4.1257946831873204e-03
 441  4.1257978552666982e-03
 461  4.3576482669195529e-03
 349  4.4613121681935470e-03
 524  4.5956273800354585e-03
 692  4.6898535643625774e-03
 742  4.6970377300897346e-03
 161  4.9922169400384610e-03
 342  5.0496537532586719e-03
 433  5.4045773235611213e-03
 700  5.8135174261679402e-03
 522  5.8732001150105465e-03
 277  6.0254117023304486e-03
 739  6.2386574027959137e-03
 690  6.2751034205412535e-03
 560  6.4065006000499376e-03
 439  6.4162065588257737e-03
 678  6.4291146936144034e-03
 341  6.4534490445078245e-03
 440  7.0470363035733926e-03
 337  7.2427300336330245e-03
 694  7.3701173966498413e-03
 459  7.5458282546093424e-03
 529  7.6566756932693958e-03
 347  7.7859440078012843e-03
 179  7.8810106694131177e-03
 675  8.0244848253781670e-03
 668  8.1562633614144352e-03
 156  8.4760485309589607e-03
 656  9.3456866940168064e-03
 518  9.8082904614013745e-03
 691  1.0044274284968990e-02
 438  1.0054233574626285e-02
 275  1.0194498718014979e-02
 650  1.0538589199147047e-02
 268  1.0647671472086952e-02
 270  1.1276976353696006e-02
 666  1.1546194536502782e-02
 352  1.1547827732800213e-02
 670  1.2021960906441699e-02
 496  1.2887753610414329e-02
 521  1.2888774477351740e-02
 659  1.4187681316785494e-02
 420  1.4428013391478801e-02
 424  1.5853327676354858e-02
 427  1.5918458466260516e-02
 455  1.5997995920667953e-02
 488  1.6003996339780828e-02
 667  1.7118813153254860e-02
 269  1.8894374378324513e-02
 658  1.9382302953769432e-02
 301  2.0748908107212107e-02
 484  2.1189107470300790e-02
 517  2.1846353901933287e-02
 654  2.2401145393102902e-02
 331  2.3194210255725600e-02
 148  2.3304045703254998e-02
 232  2.4038282438325329e-02
 335  2.4474847492445429e-02
 296  2.6548002869770330e-02
 472  2.7230615664888023e-02
 192  2.9181240695164999e-02
 482  2.9824218946855489e-02
 655  3.0507022588080468e-02
 361  3.1120872513656681e-02
 431  3.2222291324446706e-02
 252  3.4069574619297750e-02
 515  3.5302282071260620e-02
 649  3.6756281296540870e-02
 292  3.7030914182829264e-02
 265  3.8179598661452402e-02
 468  3.8555820525250938e-02
 421  4.0319489805305524e-02
 360  4.0404408509006215e-02
 152  4.1498626587859314e-02
 185  4.1562079388249115e-02
 329  4.2935218052010886e-02
 241  4.4892752214291211e-02
 280  4.7487919055523749e-02
 481  5.0535404116879734e-02
 432  5.0654852987075026e-02
 336  5.0705426068279276e-02
 561  5.2527081153606915e-02
 290  5.3312940328158927e-02
 249  5.4852411390649281e-02
 466  5.5943898182356289e-02
 242  5.8613558682069820e-02
 800  5.9220871873442882e-02
 348  6.2116118487818013e-02
 872  6.3028201415904608e-02
 183  6.3888862306388863e-02
 184  6.4065632571801118e-02
 544  6.4825088867457636e-02
 460  6.8013869791484868e-02
 276  6.9524574745711318e-02
 177  8.0105941775382841e-02
 247  8.3796015843007818e-02
 248  8.4026428285531501e-02
 160  8.4309368255819570e-02
 528  8.6282602019270099e-02
 346  8.9452885954169725e-02
 736  9.1507118862519388e-02
 465  9.2849977006101814e-02
 643  9.6606767048699402e-02
 182  9.6810669642798816e-02
 458  1.0076925582011528e-01
 340  1.0111260555813956e-01
 274  1.0163661336009416e-01
 289  1.0187040079176997e-01
 647  1.0594660329118864e-01
 737  1.0630159909802064e-01
 437  1.0854692125523988e-01
 520  1.1985847747871918e-01
 417  1.1993533338542742e-01
 688  1.2178076410146908e-01
 246  1.2567785085362490e-01
 154  1.2840245869263608e-01
 178  1.3296922203471995e-01
 149  1.3419594797774070e-01
 689  1.4149284101435650e-01
  96  1.4724643193977882e-01
 436  1.5102764020972836e-01
 403  1.5532183010662387e-01
 236  1.5581500414445329e-01
 345  1.5627327818325593e-01
 145  1.5926868796868224e-01
 264  1.6066933205958420e-01
 457  1.6115421549277936e-01
 266  1.6266470391578067e-01
 334  1.6538243261748362e-01
 516  1.6804532240073963e-01
 409  1.7087201303477165e-01
 664  1.7135722346216123e-01
 648  1.7205624367406541e-01
 273  1.7986555356993944e-01
 229  1.8029126243168889e-01
 328  1.8779502078812463e-01
 418  1.9353187868523611e-01
 426  1.9356716286488354e-01
 665  1.9391555029165672e-01
 454  1.9791410826614345e-01
 267  2.0421086268861871e-01
 453  2.2126198695986363e-01
 151  2.2749811724935445e-01
 514  2.3043976303810745e-01
 430  2.3082377759538567e-01
 240  2.3611817803788288e-01
 330  2.3853856475747351e-01
 230  2.4219539449085153e-01
 146  2.4593306620053473e-01
  93  2.4610281780637805e-01
 652  2.4676479849701971e-01
 131  2.6456689073542561e-01
 653  2.6886564589035949e-01
 416  2.6916920827042778e-01
 423  2.7598311057510116e-01
 333  2.8642896897013703e-01
 176  2.9905152734160578e-01
 171  3.1028355741897051e-01
 480  3.1261836376157098e-01
 419  3.1801540914284804e-01
 452  3.3339491813811750e-01
 429  3.4405602706086408e-01
 228  3.4463199941697770e-01
 513  3.4827510973968107e-01
 646  3.8594692644434897e-01
 263  4.0502664253530746e-01
 181  4.0539453844305567e-01
 260  4.0858276071236116e-01
 170  4.0992159855831856e-01
 239  4.1204563395467003e-01
 288  4.1326182811064677e-01
 144  4.1633377677560790e-01
 464  4.3041659908584123e-01
 137  4.3453490426427344e-01
 325  4.4749228167645244e-01
 261  4.4994828834804707e-01
 245  4.6384242236672724e-01
 327  4.7495234261371166e-01
 642  4.7997920728129817e-01
 175  4.9384318208832206e-01
 140  5.0315123044112919e-01
 214  5.0529279723378295e-01
 180  5.0766483182686017e-01
 344  5.2352485706218987e-01
 402  5.3242037474480852e-01
 324  5.5145184360763233e-01
 272  5.5584293265558171e-01
 412  5.6077395816854114e-01
 456  5.6324778371834949e-01
 147  5.6354489729776691e-01
 645  5.6467110394249176e-01
 244  5.6826144442905813e-01
 639  5.7233093859093420e-01
  94  5.8232949898816977e-01
  92  5.8248097451091962e-01
 415  5.8702627561077780e-01
 234  5.9650305662357783e-01
 408  6.0550817335432883e-01
 223  6.2407038525198233e-01
 150  6.3580191573155975e-01
 215  6.3787055531920189e-01
 143  6.5618729416671129e-01
 332  6.6667827610094454e-01
 401  6.7090710553478061e-01
 227  6.8247931045018873e-01
 233  6.9170265762840444e-01
 413  6.9452866409362790e-01
 451  7.0936714651525057e-01
 405  7.1400518189080420e-01
 130  7.1545748008737997e-01
 262  7.2464405140958854e-01
 422  7.3604764757024710e-01
 173  7.4106689883891963e-01
 512  7.5119959395442304e-01
 428  7.6074268880108376e-01
 237  7.7972355307412033e-01
 238  7.8266051012582138e-01
 225  7.8386618815659248e-01
 414  7.8765540047764948e-01
 395  7.9049429832082996e-01
 119  7.9561028593504490e-01
 326  7.9612207351284747e-01
 169  7.9908411388670486e-01
 129  8.0738244123050606e-01
 141  8.0852231114984985e-01
 174  8.0908798576063401e-01
  88  8.1206264412157758e-01
 450  8.1409681957907309e-01
  89  8.1477605223777316e-01
 136  8.3422155837097700e-01
 449  8.3833495066313812e-01
 226  8.3926549235422954e-01
  91  8.5328788106614939e-01
 258  8.5589723663368489e-01
 168  8.6420203083127933e-01
 167  8.6790144483877840e-01
 383  8.6964626424020419e-01
 644  8.7131737358379979e-01
 123  8.8083355424535181e-01
 259  8.8333576571762562e-01
 142  8.8505477737731053e-01
 323  8.8767173494498774e-01
  85  8.8820097383267005e-01
 222  8.9265840466811730e-01
  79  8.9273573289498465e-01
 138  9.0230016744124697e-01
 212  9.0453249589420248e-01
 255  9.0781727407045854e-01
 133  9.1574779851905785e-01
 166  9.1582898961987180e-01
 399  9.2124863764030440e-01
 410  9.2726508096995208e-01
 322  9.2756782384966208e-01
 638  9.2973010013030366e-01
  78  9.3746372556095925e-01
 209  9.4079076171702147e-01
  63  9.4187738484290506e-01
 400  9.4336936823210393e-01
 118  9.4525559588977015e-01
 159  9.5361759005116153e-01
 213  9.5729985665169326e-01
 319  9.5756207187323972e-01
 221  9.6388138384154598e-01
 205  9.6621478595915966e-01
 231  9.6688008289600280e-01
  47  9.6876575026786649e-01
 411  9.6992986834315187e-01
 404  9.7114178997703648e-01
  90  9.7211833037074702e-01
 407  9.7219297877071398e-01
 211  9.7609748751040093e-01
 172  9.7664922921225117e-01
 135  9.7905440799598376e-01
 219  9.7981781639369925e-01
 200  9.8177140135123608e-01
 235  9.8366694170345015e-01
  46  9.8424240442329414e-01
 224  9.8426809940024862e-01
 128  9.8459764610541367e-01
 127  9.8473920958025374e-01
 394  9.8480131405824856e-01
 208  9.8643204268380491e-01
 139  9.8843027227845626e-01
  86  9.8860959224244471e-01
 117  9.9089004856300367e-01
 447  9.9147307398367890e-01
 393  9.9165635694218845e-01
  84  9.9211035561538674e-01
 398  9.9357313985490159e-01
  87  9.9377256216141219e-01
 382  9.9422157026528746e-01
 122  9.9524682602641368e-01
 115  9.9531596226749430e-01
 165  9.9585303308100492e-01
 381  9.9698519027901000e-01
 254  9.9719859801697830e-01
 220  9.9725822795961849e-01
 121  9.9754113044152448e-01
  77  9.9761512366498417e-01
 132  9.9765022244800539e-01
 164  9.9778080917693890e-01
  81  9.9797176372735108e-01
 103  9.9845945486302246e-01
 380  9.9850468801777059e-01
 111  9.9869327369291361e-01
  76  9.9879528595169942e-01
 218  9.9882390698641821e-01
  62  9.9887463865126780e-01
 397  9.9887891759519687e-01
  75  9.9889049665616292e-01
 134  9.9907234943766543e-01
 116  9.9922876067148214e-01
 158  9.9925718992678070e-01
 318  9.9940274598220669e-01
 406  9.9940953024628965e-01
  74  9.9945566742969172e-01
  61  9.9947054381109279e-01
  71  9.9951373343217853e-01
 204  9.9961520397050252e-01
 157  9.9963526145470205e-01
 126  9.9965347656335590e-01
 114  9.9968541822620216e-01
  83  9.9972647573959850e-01
  70  9.9975478785340655e-01
  59  9.9978040389890577e-01
 210  9.9980812108391881e-01
 201  9.9982290719224076e-01
  45  9.9986345033049140e-01
 110  9.9986859774753067e-01
 198  9.9989808851032080e-01
  55  9.9989940947644307e-01
 207  9.9990838002276794e-01
 217  9.9993412595751185e-01
  44  9.9993490062241830e-01
 195  9.9995011234582121e-01
  43  9.9995154327118829e-01
 206  9.9995309833947155e-01
 125  9.9996408190066577e-01
  42  9.9997356614240873e-01
 392  9.9997381776454952e-01
 191  9.9997706062395786e-01
  39  9.9997896954271814e-01
 203  9.9998603673245778e-01
 396  9.9998791785104901e-01
  38  9.9998798308736636e-01
  31  9.9998836772268018e-01
  30  9.9999337561406942e-01
  82  9.9999363277710762e-01
  16  9.9999504051108257e-01
 120  9.9999513638900850e-01
 113  9.9999521677709180e-01
  80  9.9999578920026044e-01
 102  9.9999640146015201e-01
 379  9.9999641795666538e-01
 378  9.9999677229184192e-01
 216  9.9999685357969592e-01
 377  9.9999697516531894e-01
 101  9.9999700019447157e-01
 109  9.9999706023648072e-01
  60  9.9999706982131031e-01
  99  9.9999708437340629e-01
  73  9.9999712026020315e-01
 107  9.9999712989016754e-01
 124  9.9999713705696047e-01
  72  9.9999713924380662e-01
  58  9.9999714636994597e-01
 155  9.9999714797966743e-01
 112  9.9999715313733550e-01
  69  9.9999715529226318e-01
  54  9.9999715808112477e-01
  68  9.9999715906859166e-01
  67  9.9999716075569556e-01
 108  9.9999716075806722e-01
  57  9.9999716108385950e-01
 199  9.9999716126033644e-01
  65  9.9999716132965721e-01
 105  9.9999716179364440e-01
  53  9.9999716194745047e-01
 190  9.9999716197392208e-01
  51  9.9999716203815159e-01
 193  9.9999716207621059e-01
 202  9.9999716208227518e-01
  41  9.9999716210098955e-01
  64  9.9999716211145351e-01
  40  9.9999716211159628e-01
 104  9.9999716211302681e-01
 189  9.9999716211402045e-01
  25  9.9999716211495326e-01
 376  9.9999716211504242e-01
  27  9.9999716211718503e-01
  26  9.9999716211719591e-01
  29  9.9999716211731782e-01
 106  9.9999716211733425e-01
  28  9.9999716211735867e-01
  21  9.9999716211752443e-01
  18  9.9999716211752676e-01
  19  9.9999716211752676e-01
  20  9.9999716211752765e-01
  17  9.9999716211752798e-01
  24  9.9999716211755019e-01
  22  9.9999716211755607e-01
  23  9.9999716211755618e-01
  36  9.9999716211761858e-01
  37  9.9999716211855072e-01
 188  9.9999716211929612e-01
  33  9.9999716211935774e-01
  32  9.9999716211944134e-01
  35  9.9999716212009560e-01
  95  9.9999716212011147e-01
  34  9.9999716212016909e-01
  66  9.9999716212314460e-01
  97  9.9999716212650580e-01
 100  9.9999716212652912e-01
  98  9.9999716212658607e-01
  56  9.9999716212753231e-01
  48  9.9999716212760248e-01
  49  9.9999716212760270e-01
  52  9.9999716212765166e-01
  50  9.9999716212765888e-01
   0  9.9999716212775747e-01
   1  9.9999716212775747e-01
   2  9.9999716212775924e-01
   3  9.9999716212775924e-01
   7  9.9999716212776957e-01
   5  9.9999716212777101e-01
   4  9.9999716212777123e-01
   6  9.9999716212777123e-01
   8  9.9999716212780010e-01
   9  9.9999716212780010e-01
  12  9.9999716212780243e-01
  11  9.9999716212780609e-01
  10  9.9999716212780898e-01
  13  9.9999716212780920e-01
  14  9.9999716212782763e-01
  15  9.9999716212783929e-01
