0 0 2 0 1 0 2 0 2 0 1 0 2 0 2 0 0 2 0 2 0 2 0 2 0 2 0 2 0 2 0 0 1 0 1 0 1 0 2 0 0 2 0 2 0 0 2 0 1 0 1 0 1 0 0 2 0 0 2 0 0 0 2 
2 0 2 0 2 0 1 0 1 0 1 0 0 2 0 0 2 0 2 0 1 0 0 2 0 2 0 2 0 1 0 
0 2 0 2 0 0 2 0 2 0 2 0 1 0 1 
0 1 0 2 0 2 0 
0 2 0 
1 
 127  1.8764315963936215e-15
 126  1.9326458679298123e-10
 125  1.9417938360608380e-10
 123  3.6545155098387472e-10
 121  8.7643260418090318e-10
 107  5.5652434599929518e-09
 113  2.0628866499745974e-08
  79  2.2062548954572510e-08
 112  6.8717478808790993e-07
 124  2.0642047795013721e-06
 122  2.1016474256134792e-06
 119  2.1692691162086487e-06
 109  3.4009034024732150e-06
 106  4.0054462740189208e-06
 120  4.4560885227853800e-06
 118  4.5224504921207487e-06
  98  8.0637257724344223e-06
 115  8.1951454535292094e-06
 105  9.2910354928078230e-06
  78  1.4669353707312571e-05
  99  1.8607307976938307e-05
  77  3.7487894556709322e-05
 103  3.9186409758001652e-05
  91  4.1327984159840644e-05
  75  1.0615296246923324e-04
 104  1.1532459095468969e-04
  71  1.2814312093902973e-04
  96  6.4887237276885722e-04
 117  7.3210883927273386e-04
 116  7.9371525070906035e-04
 114  8.9767757149215519e-04
 111  1.1371105712755336e-03
 108  1.2040757011845893e-03
  63  1.2343149120455704e-03
 102  1.4820351480743341e-03
  48  1.4974894089031794e-03
  76  1.4990152117671895e-03
  74  1.8096796530078089e-03
  88  2.5012306844528968e-03
  94  2.5865076750118355e-03
  97  2.5877895653857036e-03
  70  2.9832515097169411e-03
 101  3.4623404155127891e-03
  95  3.8937800898731665e-03
  90  4.2903605627605352e-03
  40  4.6613517255928629e-03
  73  5.1399245715462796e-03
  89  5.9656513509224194e-03
  69  8.9045754586637178e-03
  85  1.0363982290358509e-02
  67  1.5084216639357932e-02
 110  3.5295468935837411e-02
 100  4.2935766332409316e-02
  46  4.3193051178864822e-02
  62  4.5647961539559002e-02
  60  4.6364084259346232e-02
  72  5.1513512444652125e-02
  84  6.2763246144160359e-02
  45  6.3456244974712292e-02
  37  6.3630959806702095e-02
  92  6.6976572294709311e-02
  61  7.0298707640713068e-02
  93  7.2886775484304681e-02
  68  7.6301496172322694e-02
  38  9.4020679885001929e-02
  44  9.6030314993247115e-02
  86  9.9671350697642033e-02
  87  1.0755747492751511e-01
  66  1.1167889563410283e-01
  57  1.3908282765309740e-01
  36  1.4426667306801025e-01
  65  2.1474455547276000e-01
  81  2.3071604299860862e-01
  83  2.3831244203057594e-01
  58  3.5440154660363593e-01
  23  3.6282802544330195e-01
  56  3.9202609937972666e-01
  43  4.0516643129570062e-01
  59  4.1807044404053667e-01
  35  4.3064146833176481e-01
  31  4.4740388151567290e-01
  22  4.7380394437623763e-01
  42  5.0625057282660657e-01
  64  5.7102173008098356e-01
  33  5.7426126921287879e-01
  82  5.8067311166432567e-01
  41  6.0527334863159254e-01
  34  6.2614269457199456e-01
  52  6.4994653624057863e-01
  55  6.8142862821826555e-01
  80  6.9465726455518761e-01
  53  7.1108959399872607e-01
  30  7.9590960023253787e-01
  21  8.4204902890909794e-01
  20  8.9784182490258424e-01
  19  9.0001155316290660e-01
  54  9.0144102495869283e-01
  29  9.0707248740594260e-01
  32  9.3204444930543862e-01
  18  9.3912044175102338e-01
  15  9.4216038816759684e-01
  39  9.4289836301791374e-01
  27  9.4418287455787242e-01
  50  9.5611972303052328e-01
  14  9.6679054146384225e-01
  51  9.7417367935029531e-01
  49  9.7425556498486876e-01
   7  9.8236202501071768e-01
  28  9.9007854843360366e-01
  26  9.9559146584419989e-01
  17  9.9778878462772869e-01
  16  9.9885351922598342e-01
  13  9.9933983569766616e-01
  25  9.9945442634599646e-01
  12  9.9967113291238396e-01
  11  9.9970444940613756e-01
  47  9.9979331413657280e-01
  10  9.9984782622674284e-01
   6  9.9989557828029207e-01
   5  9.9995847093065704e-01
   3  9.9998354469307316e-01
  24  9.9999513605315571e-01
   9  9.9999950766390810e-01
   8  9.9999950946337246e-01
   4  9.9999951032312706e-01
   2  9.9999951079679428e-01
   1  9.9999951088543182e-01
   0  9.9999951088846450e-01
