0 0 2 0 2 0 2 0 2 0 2 0 1 0 2 0 2 0 2 0 2 0 1 0 2 0 2 0 2 0 0 2 0 2 0 2 0 2 0 2 0 2 0 2 0 2 0 0 2 0 2 0 2 0 1 0 1 0 0 2 0 2 0 2 0 2 0 0 1 0 1 0 2 0 0 2 0 2 0 1 0 1 0 2 0 0 1 0 1 0 2 0 1 0 0 2 0 0 0 2 0 1 0 2 0 2 0 2 0 1 0 0 2 0 1 0 2 0 2 0 2 0 2 0 2 0 1 0 2 0 2 0 1 0 1 0 2 0 2 0 2 0 0 2 0 0 0 2 0 0 1 0 0 0 2 0 0 2 0 2 0 2 0 2 0 0 2 0 0 1 0 0 2 0 0 2 0 0 0 2 0 0 2 0 1 0 0 2 0 0 1 0 0 0 1 0 0 0 2 0 2 0 2 0 2 0 1 0 0 0 0 0 2 0 0 0 0 0 1 0 2 0 1 0 2 0 0 0 0 0 1 0 0 0 2 0 2 0 0 0 1 0 0 0 0 0 0 0 0 0 0 0 0 0 0 
0 0 2 0 2 0 2 0 2 0 2 0 0 2 0 2 0 2 0 2 0 1 0 2 0 2 0 2 0 1 0 0 2 0 1 0 2 0 1 0 0 2 0 2 0 1 0 2 0 2 0 2 0 2 0 0 2 0 2 0 2 0 1 0 2 0 2 0 1 0 2 0 0 2 0 2 0 0 2 0 2 0 0 2 0 0 1 0 0 1 0 0 1 0 0 2 0 2 0 0 2 0 1 0 0 2 0 0 0 2 0 2 0 0 0 0 0 2 0 0 0 0 0 0 0 0 0 
0 2 0 0 1 0 1 0 1 0 1 0 0 2 0 0 2 0 2 0 0 2 0 1 0 2 0 0 1 0 1 0 2 0 0 2 0 2 0 0 1 0 0 2 0 0 1 0 1 0 2 0 1 0 2 0 0 0 2 0 0 0 2 
0 2 0 2 0 0 2 0 2 0 1 0 1 0 2 0 2 0 1 0 2 0 0 2 0 2 0 2 0 1 0 
0 2 0 2 0 0 2 0 2 0 2 0 1 0 1 
0 1 0 2 0 2 0 
0 2 0 
1 
 495  7.6635493961546795e-36
 487  2.6688700234743409e-33
 507  2.0485422169388178e-26
 455  1.8880162783288509e-25
 431  2.2479007048528350e-25
 320  3.4994788196820140e-24
 511  3.9112768967081981e-23
 503  2.8578319860313334e-22
 494  1.8252712330298747e-21
 427  6.9095013968116619e-21
 509  8.8744665311662296e-21
 510  9.4546470824854824e-21
 493  1.6839731808879351e-20
 463  4.7653348018434850e-20
 311  1.1316333326037406e-19
 499  1.2104536898000030e-19
 479  3.6391201272902780e-19
 486  4.1341524437807300e-19
 485  6.6708761222270328e-19
 430  8.7687420053848998e-19
 475  1.6550702866693940e-18
 491  3.0107074187217295e-18
 483  8.8318992094979590e-18
 454  1.2750427455880617e-17
 506  1.6750628503263690e-17
 415  2.4462428644294467e-17
 443  5.6638449005784638e-17
 505  6.9366075170687952e-17
 451  1.9574930652190179e-16
 395  3.5325200409568655e-16
 429  4.6776349379242040e-16
 399  1.0325890855855157e-15
 453  1.2836688405122652e-15
 508  2.9977424678317235e-15
 367  5.4479423469893103e-15
 502  6.0095990334487530e-15
 318  6.9290167160682925e-15
 501  9.4563686367210860e-15
 426  1.2775384662745789e-14
 317  1.4567133147626726e-14
 307  2.5170027852445391e-14
 474  5.0505299986096956e-14
 450  1.2710234059515662e-13
 316  2.2483064416095024e-13
 291  2.2957694418323637e-13
 423  2.8309941370015697e-13
 425  4.4364084431961811e-13
 419  8.8519910262232611e-13
 504  1.6025004072070392e-12
 467  1.6181886677203607e-12
 473  1.7534948659374046e-12
 498  2.6696350316974285e-12
 497  2.6737640633734947e-12
 500  3.0586743634862501e-12
 492  3.8942238677490351e-12
 490  3.8963706855625183e-12
 489  3.9005917857031394e-12
 255  4.2814039659318393e-12
 478  7.7783626667037665e-12
 477  7.7923511193151001e-12
 484  8.6557686013993884e-12
 482  8.6697236390352682e-12
 481  8.6884129021771824e-12
 424  8.7563642470323188e-12
 435  1.3671608065489155e-11
 393  1.6263766390083087e-11
 310  3.1471326785302596e-11
 309  3.1506864906556084e-11
 471  3.3713137501686483e-11
 462  3.7830695050358026e-11
 461  3.7947750913729072e-11
 279  4.7890353188157558e-11
 448  4.9965349536993756e-11
 459  6.6672867846029986e-11
 472  8.4429866945772553e-11
 387  9.3831353234442760e-11
 414  1.1863963162278813e-10
 428  1.1924246278992629e-10
 413  1.9211141737963090e-10
 394  2.1211929601850289e-10
 195  2.7846646265726314e-10
 452  4.1153001380133794e-10
 297  4.4910710225830246e-10
 449  4.5674496750436531e-10
 447  6.0397111128775945e-10
 379  1.0411823700668376e-09
 442  1.1104830616645439e-09
 407  1.3350833159927279e-09
 303  1.4899370697789206e-09
 421  1.4968303789672048e-09
 355  1.6180029331035850e-09
 306  1.8636045162839460e-09
 441  1.9879214674661440e-09
 160  2.0485855975348340e-09
 305  2.1129359146765021e-09
 288  2.1975657904734062e-09
 391  2.7394448917845171e-09
 271  2.8854945253094722e-09
 411  3.6089614018637570e-09
 343  3.7347661290378544e-09
 299  4.1037408932259144e-09
 392  4.1770310494844968e-09
 363  4.7154681773498029e-09
 296  5.2585366497827870e-09
 398  9.5759781092851426e-09
 397  9.5768300084781801e-09
 361  9.6612014832445891e-09
 313  2.3726335942540304e-08
 440  3.0839726402760509e-08
 366  3.1988178570203865e-08
 365  3.2000637688825096e-08
 290  4.2588616305563743e-08
 289  4.6456658055948141e-08
 315  5.0743711012983994e-08
 304  6.6539831921356629e-08
 360  7.6590429165582269e-08
 285  8.1103276175099263e-08
 254  8.8772896707907789e-08
 253  1.5795239188742776e-07
 385  1.6757805907313375e-07
 496  1.8173030469998860e-07
 488  1.8365503283209311e-07
 476  1.8744116584746507e-07
 470  1.9514858124237399e-07
 434  3.1110704442582338e-07
 157  3.3881320273107172e-07
 480  3.8629865283792220e-07
 466  3.9870104678793236e-07
 465  4.1509458828934599e-07
 194  5.1033496396806633e-07
 308  5.2854586061767487e-07
 239  5.3771398889748157e-07
 418  5.4938580198286573e-07
 417  5.4942222949743518e-07
 422  5.5074240583172278e-07
 247  5.7922777547797355e-07
 302  5.8239163591135945e-07
 469  5.9976640547764861e-07
 460  7.2639227094175289e-07
 458  7.3587840851317305e-07
 457  7.5431898090371570e-07
 158  1.0678694651674496e-06
 420  1.1303279155928142e-06
 251  1.1396409900427952e-06
 433  1.1674970121949919e-06
 193  1.1713069733026240e-06
 187  1.2666692770367379e-06
 446  1.4737955885346862e-06
 293  1.4752602882948520e-06
 312  1.5080526961194418e-06
 156  1.5351565321396645e-06
 412  1.5560463682613900e-06
 410  1.5801391884245157e-06
 445  1.7358798898656109e-06
 314  1.9607983773662853e-06
 376  1.9675849614280439e-06
 409  2.3010994257632798e-06
 396  2.3464651392370479e-06
 439  2.9513940676677580e-06
 406  3.1065741213481361e-06
 186  3.1226852086537755e-06
 152  3.1295623628706068e-06
 179  3.1980947533570166e-06
 405  4.0013124155134264e-06
 384  4.0185176634643104e-06
 278  4.1264033521730686e-06
 277  4.2118881123785021e-06
 378  4.7114724223343856e-06
 364  4.8953061778947228e-06
 143  5.7842217756375824e-06
 301  6.1942954766987728e-06
 377  6.2365216408595708e-06
 386  6.6889867307425800e-06
 352  7.0642769288872988e-06
 223  7.6382298942847617e-06
 275  8.5389422886285982e-06
 390  9.0867268398689493e-06
 403  9.2190278801435243e-06
 373  9.3289285966822288e-06
 383  9.8011992381867092e-06
 287  9.9131680118903006e-06
 270  1.0144763678725751e-05
 382  1.1479019370894323e-05
 362  1.2488016126298527e-05
 284  1.4726101026475877e-05
 416  1.5685018245630833e-05
 389  1.5721657730051410e-05
 337  1.6621222983254608e-05
 282  1.6669674233532418e-05
 354  1.8541029764993168e-05
 298  1.9069927377391070e-05
 353  1.9965953864852768e-05
 269  2.0537010865574387e-05
 349  2.0618468789790788e-05
 295  2.1539506433258006e-05
 342  2.1574244236683372e-05
 357  2.2650593436654548e-05
 359  3.4576676821216831e-05
 341  5.1954038482696824e-05
 263  5.6596634635015186e-05
 267  6.3181636835873251e-05
 340  7.2516023565182827e-05
 331  8.1342301808139103e-05
 252  1.0810549958745719e-04
 250  1.1160637282621913e-04
 192  1.3255537070819360e-04
 249  1.5962668313393140e-04
 246  1.6348340142203918e-04
 178  1.6649887452223884e-04
 381  2.0582484478275253e-04
 155  2.0918093206495609e-04
 153  2.2734186783891517e-04
 245  2.4270997282410133e-04
 185  2.5684981739831128e-04
 238  3.2793327824224856e-04
 149  3.3721808423359695e-04
 128  3.4138180304248562e-04
 468  3.4799516552709721e-04
 464  3.5834122459699674e-04
 456  3.7744555664892657e-04
  98  3.8629726139698220e-04
 183  3.9123085351529301e-04
 444  4.2318784444533294e-04
 243  4.2742541057241834e-04
 154  4.5345322707400308e-04
 184  4.7479586178273298e-04
 438  4.9753529253300272e-04
 300  5.0306652224898552e-04
 237  5.1636161895317356e-04
 292  5.2798850751988556e-04
 177  5.7028645153770917e-04
 182  5.7879927293357468e-04
 408  6.0519369146888472e-04
 432  6.0664791296669083e-04
 286  6.0708835927341970e-04
 437  6.4426430493967407e-04
 404  6.5087051987429217e-04
 351  6.5235309645013265e-04
 142  6.8601250635474953e-04
 283  7.2159115309459131e-04
 402  7.3813439360748600e-04
 276  7.8287163498656418e-04
 274  8.8709264313327160e-04
 235  9.1688843927307867e-04
 150  9.5415108542005773e-04
 375  1.0055933981931021e-03
 273  1.0624262763869053e-03
 372  1.1135911595390846e-03
 222  1.1845476148640965e-03
 268  1.2158907176533862e-03
 388  1.2291990773034449e-03
 336  1.2351743685827424e-03
 147  1.3008398400742459e-03
 294  1.3122176922643529e-03
 370  1.4002250715701556e-03
 266  1.4386066723880082e-03
 231  1.4725962318120794e-03
  81  1.5877925694576310e-03
 171  1.6020373914300925e-03
 141  1.6040828198895026e-03
 380  1.6909183376651626e-03
 358  1.7345629469872638e-03
 401  1.7884482004922296e-03
 348  1.8681139484776662e-03
 374  1.9279349557495729e-03
 356  1.9812294569041028e-03
 175  2.1809974249590229e-03
 262  2.3397551222004353e-03
 346  2.3749581872468291e-03
 221  2.3816910294918352e-03
 371  2.3847640523855279e-03
 217  2.4840149977333331e-03
 139  2.8713726567043915e-03
 350  2.9497753433514206e-03
 280  3.2199246804931483e-03
 339  3.2740393949726408e-03
 265  3.4320382750583239e-03
 220  3.5815502411819322e-03
 169  3.6001306660938754e-03
 347  3.7502522480821294e-03
 338  4.0584977299665285e-03
 334  4.1271499746716664e-03
 328  4.6452581040284970e-03
 135  5.4942770328705983e-03
 261  5.6799135398959430e-03
 176  5.9476403567147547e-03
 335  6.1418575048243253e-03
 248  6.5688343276480120e-03
 330  6.9261307991063939e-03
 244  8.1859616704008757e-03
 259  9.1972040373537352e-03
 329  9.8762738953976220e-03
 151  1.0635748402881147e-02
 242  1.0866465977550923e-02
 212  1.2432041892883746e-02
 148  1.3639324783862631e-02
 236  1.4002711479764080e-02
  96  1.5051300620723275e-02
 181  1.5936450133176443e-02
 325  1.7124360696619996e-02
 126  1.7425011755088676e-02
 146  1.9105986040939316e-02
 234  1.9915130612728992e-02
 241  1.9924220306675226e-02
 180  2.0812285860869955e-02
  93  2.2792194917934931e-02
 140  2.4604526149137516e-02
 216  2.6255946191610671e-02
 168  2.6256145403388862e-02
 281  2.7102375685868652e-02
 125  2.8450493407890382e-02
 121  2.9662917745826217e-02
 400  3.0639109156972589e-02
 174  3.2259336451138036e-02
 436  3.2365326687593975e-02
  92  3.3139730065182164e-02
 272  3.3653469904487671e-02
 230  3.5437652484233952e-02
 138  3.6219627181561270e-02
 233  3.6916741683486576e-02
  76  4.3563246009501684e-02
 145  4.3610754129010450e-02
 124  4.3726906613162364e-02
  80  4.4550489386027056e-02
 264  4.5171975472606596e-02
 368  4.7734684786199223e-02
 170  5.3510812349155466e-02
 369  5.5627155027238098e-02
 219  5.6651422986796596e-02
 260  6.3443608933044668e-02
 344  6.4356824013481126e-02
 229  6.5355050869118164e-02
 173  6.7284912455278692e-02
  77  6.7585611783232191e-02
  89  6.9380187447880340e-02
 345  7.4865570860332117e-02
 137  7.8496158853515657e-02
 218  8.0571905433306529e-02
 133  8.6544516063032123e-02
 258  9.0127596364712639e-02
 332  9.2057810438961385e-02
 324  9.2170223464963952e-02
 213  1.0354295325039432e-01
 209  1.0375008869543455e-01
 333  1.0406839652704734e-01
 227  1.0568581052831208e-01
 134  1.0973966488535215e-01
 165  1.2955667646035005e-01
 115  1.3191108702502513e-01
 167  1.3404026820475454e-01
  73  1.3410584293007571e-01
 326  1.3569637789412123e-01
 327  1.4711578179729437e-01
 215  1.5689889763989509e-01
 257  1.6400331126697457e-01
 132  1.7389565545625349e-01
 210  1.7554090248050411e-01
 240  1.7624997131863707e-01
 164  1.8489035278346030e-01
 120  1.8944347914137821e-01
  91  2.2771848424429592e-01
 144  2.4145935045519312e-01
 232  2.5307638139395633e-01
  88  2.6286135088749890e-01
 123  2.6571508522432691e-01
 321  2.8692641858906959e-01
 323  3.0598570477780423e-01
  90  3.0699666405893855e-01
 172  3.1991943653754429e-01
 208  3.2811566197462633e-01
 136  3.4381321076693550e-01
  74  3.4544080134706578e-01
 228  3.4943039951081367e-01
 122  3.5284280216087699e-01
  47  3.6363362259044935e-01
 201  3.7359542274236607e-01
 117  3.7472935278200870e-01
  72  3.8260283318952920e-01
 204  3.9391484799536913e-01
  75  4.0828765388465471e-01
 114  4.0857038390043382e-01
 166  4.3585861348444621e-01
 226  4.5359066761389538e-01
  46  4.8009387753043026e-01
 131  4.8754848899451930e-01
  65  4.9893212471213505e-01
 211  5.0010567406667761e-01
 256  5.1719556930631638e-01
 214  5.2563191633902961e-01
  85  5.4293796670413463e-01
 119  5.4618223329874316e-01
 207  5.5137835993616047e-01
 163  5.6328522325104613e-01
  87  5.7586886101043466e-01
 225  5.8347906494389634e-01
 113  6.1261972919155983e-01
 129  6.3527325158432013e-01
  84  6.4657304518782632e-01
  68  6.4994996587934917e-01
 322  6.5647349154867418e-01
 162  6.5969153329285835e-01
 130  6.6216523191352294e-01
  71  6.7382549633644651e-01
  69  7.0247463375223451e-01
 106  7.0678973885449392e-01
 205  7.4479778344434422e-01
 161  7.4630058800044241e-01
 319  7.5086176841691321e-01
 200  7.7515078105759361e-01
 111  7.8588157435995898e-01
 107  7.9470088296128871e-01
 116  8.2878036652917464e-01
 206  8.3075910098742556e-01
 202  8.4241629414500552e-01
  45  8.4521886754991282e-01
  86  8.5871854822751992e-01
 118  8.8146312770131763e-01
 112  8.8393684667231220e-01
  64  8.8558029440245245e-01
 197  8.8757769903847272e-01
  59  8.9049710719896547e-01
  70  8.9799294365589144e-01
  44  9.0139790398063513e-01
  43  9.0288096028673437e-01
 224  9.1466371613202024e-01
  83  9.3094996592495804e-01
 191  9.3189653881781831e-01
  61  9.3800264553805379e-01
  42  9.4189554686837129e-01
  39  9.4437198208247775e-01
 110  9.5246703173645153e-01
 127  9.5247641784971537e-01
  66  9.5664179603778399e-01
  82  9.5750533638906243e-01
 199  9.5953382949801980e-01
  38  9.6870165789270313e-01
 104  9.6976730295436253e-01
  31  9.7035069683853536e-01
  67  9.7258155992705819e-01
  58  9.7471025348816709e-01
  79  9.7602987890133819e-01
 203  9.7836611957594188e-01
 159  9.7847440114287854e-01
 102  9.8287859101960873e-01
  23  9.8421065439465161e-01
 105  9.8789914008814561e-01
 109  9.8979218092417354e-01
  99  9.9081661000664945e-01
  22  9.9207894216105974e-01
  63  9.9227795317162448e-01
 103  9.9367644801971611e-01
 196  9.9576723843635417e-01
 198  9.9718411833232867e-01
  57  9.9761501519424800e-01
  41  9.9797154143165490e-01
 190  9.9845160437314695e-01
  60  9.9873255858226184e-01
  40  9.9895930093549301e-01
  51  9.9922901685524579e-01
 189  9.9923551957925205e-01
  55  9.9933398892056868e-01
  37  9.9941570668482316e-01
 108  9.9942944456625193e-01
  30  9.9970696793622604e-01
  36  9.9971171642370926e-01
  35  9.9974652563163902e-01
  78  9.9980225857685523e-01
  56  9.9983402138504651e-01
  62  9.9984071536896568e-01
  34  9.9987287802073299e-01
  29  9.9987483248698172e-01
 100  9.9990966720604912e-01
  54  9.9993106375689333e-01
  27  9.9994967292495851e-01
  21  9.9996929405055457e-01
  97  9.9997504461224063e-01
  20  9.9998466808074471e-01
  95  9.9998817758226621e-01
  19  9.9998898561643390e-01
 101  9.9999195463635748e-01
  18  9.9999327449189190e-01
  15  9.9999417456164907e-01
  14  9.9999643738038890e-01
   7  9.9999752015946775e-01
 188  9.9999838158207510e-01
  50  9.9999838915775718e-01
  49  9.9999854056417226e-01
  53  9.9999855630974277e-01
  28  9.9999857590427332e-01
  33  9.9999857945599702e-01
  26  9.9999858001801434e-01
  32  9.9999858028445643e-01
  52  9.9999858070643322e-01
  25  9.9999858101763772e-01
  94  9.9999858102144878e-01
  12  9.9999858105646433e-01
  13  9.9999858105752248e-01
  10  9.9999858105775297e-01
   9  9.9999858105775674e-01
   8  9.9999858105775730e-01
  11  9.9999858105776851e-01
  16  9.9999858105863293e-01
  17  9.9999858105866379e-01
  48  9.9999858106225270e-01
   6  9.9999858106255113e-01
  24  9.9999858106279493e-01
   0  9.9999858106287198e-01
   1  9.9999858106287265e-01
   3  9.9999858106287820e-01
   2  9.9999858106287876e-01
   4  9.9999858106289330e-01
   5  9.9999858106289630e-01
