0 0 0 0 0 0 0 0 0 0 0 0 0 0 0 0 0 0 0 0 0 0 0 2 0 0 0 2 0 2 0 2 0 0 0 0 0 0 0 0 0 0 0 0 0 0 2 0 0 0 1 0 0 0 2 0 0 0 0 0 2 0 0 0 2 0 0 0 0 0 0 0 0 0 0 0 0 0 0 2 0 0 0 0 0 0 0 0 0 0 1 0 2 0 2 0 0 0 0 0 0 0 2 0 0 0 2 0 1 0 2 0 0 0 2 0 0 0 2 0 2 0 2 0 2 0 2 0 0 0 0 0 2 0 2 0 0 0 0 2 0 0 2 0 0 0 2 0 2 0 2 0 2 0 0 2 0 0 2 0 2 0 0 2 0 2 0 0 2 0 2 0 1 0 2 0 0 1 0 2 0 2 0 2 0 1 0 2 0 2 0 2 0 0 0 0 0 0 0 2 0 0 0 0 2 0 2 0 0 0 2 0 2 0 2 0 2 0 2 0 2 0 2 0 0 0 2 0 2 0 2 0 2 0 2 0 1 0 2 0 0 2 0 0 2 0 1 0 1 0 0 2 0 0 1 0 1 0 2 0 0 2 0 2 0 2 0 2 0 2 0 2 0 2 0 2 0 1 0 2 0 2 0 2 0 2 0 0 2 0 2 0 2 0 2 0 1 0 2 0 2 0 1 0 1 0 2 0 1 0 0 0 1 0 1 0 0 2 0 2 0 1 0 2 0 0 2 0 2 0 0 2 0 2 0 2 0 2 0 2 0 1 0 2 0 2 0 2 0 2 0 0 1 0 1 0 1 0 2 0 1 0 0 2 0 0 2 0 1 0 2 0 1 0 0 2 0 0 0 2 0 1 0 2 0 1 0 2 0 0 2 0 0 0 2 0 2 0 2 0 0 0 2 0 2 0 2 0 1 0 0 0 2 0 0 2 0 2 0 2 0 1 0 2 0 2 0 0 0 2 0 2 0 2 0 1 0 0 2 0 2 0 0 2 0 2 0 2 0 2 0 2 0 0 2 0 1 0 0 2 0 1 0 2 0 2 0 1 0 2 0 1 0 2 0 2 0 2 0 2 0 0 1 0 2 0 0 0 0 2 0 2 0 0 2 0 1 0 1 0 1 0 2 0 2 0 2 0 2 0 2 0 0 2 0 2 0 0 1 0 2 0 2 0 2 0 2 0 2 0 2 0 2 0 1 0 2 0 2 0 2 0 0 0 1 0 2 0 2 0 1 0 1 0 2 0 2 0 0 0 2 0 2 0 2 0 0 0 2 0 0 0 1 0 2 0 2 0 1 0 1 0 2 0 2 0 2 0 1 0 2 0 2 0 2 0 2 0 0 0 1 0 0 0 1 0 2 0 1 0 0 2 0 0 1 0 0 0 0 0 1 0 0 0 0 0 0 0 2 0 2 0 0 0 2 0 0 0 0 0 0 2 0 2 0 1 0 2 0 0 1 0 1 0 0 2 0 1 0 2 0 0 2 0 1 0 0 2 0 1 0 0 1 0 2 0 1 0 2 0 2 0 2 0 2 0 2 0 0 2 0 2 0 0 1 0 1 0 1 0 2 0 0 2 0 2 0 0 1 0 1 0 2 0 0 2 0 0 1 0 0 0 2 0 0 0 1 0 1 0 1 0 1 0 0 0 0 2 0 2 0 0 1 0 1 0 2 0 1 0 0 2 0 2 0 0 1 0 2 0 1 0 0 2 0 0 1 0 0 0 1 0 0 0 0 0 1 0 1 0 2 0 2 0 1 0 2 0 0 0 0 0 1 0 1 0 0 0 0 0 2 0 2 0 2 0 2 0 2 0 2 0 2 0 0 0 2 0 2 0 2 0 0 0 2 0 0 0 0 0 0 0 1 0 1 0 1 0 2 0 2 0 0 0 1 0 0 0 0 0 2 0 0 0 0 0 0 0 0 0 0 0 0 0 2 0 0 0 1 0 0 0 0 0 0 0 0 0 0 0 1 0 2 0 2 0 2 0 2 0 0 0 0 0 0 0 0 0 0 0 0 0 0 0 0 0 0 0 1 0 0 0 0 0 0 0 0 0 1 0 2 0 0 0 1 0 0 0 0 0 0 0 0 0 0 0 1 0 0 0 0 0 2 0 1 0 2 0 0 0 0 0 1 0 2 0 0 0 0 0 1 0 2 0 0 0 0 0 0 0 0 0 0 0 0 0 1 0 2 0 0 0 0 0 0 0 0 0 0 0 0 0 1 0 2 0 0 0 0 0 0 0 0 0 0 0 0 0 0 0 0 0 0 0 0 0 0 0 0 0 0 0 0 
0 0 0 0 0 0 0 0 2 0 0 0 0 0 1 0 0 0 0 0 0 0 2 0 1 0 2 0 0 2 0 2 0 0 0 0 0 2 0 0 0 2 0 0 2 0 1 0 0 0 2 0 2 0 2 0 2 0 2 0 2 0 2 0 2 0 2 0 2 0 2 0 2 0 1 0 1 0 0 2 0 0 1 0 2 0 2 0 0 2 0 2 0 1 0 0 0 2 0 0 2 0 2 0 2 0 2 0 2 0 1 0 2 0 2 0 2 0 2 0 0 2 0 2 0 1 0 0 2 0 2 0 2 0 0 2 0 2 0 2 0 2 0 0 2 0 1 0 0 2 0 2 0 2 0 0 0 2 0 2 0 2 0 2 0 2 0 2 0 2 0 2 0 2 0 0 2 0 1 0 1 0 0 2 0 2 0 0 0 0 0 2 0 1 0 0 2 0 2 0 2 0 2 0 0 2 0 2 0 2 0 0 1 0 2 0 2 0 0 2 0 2 0 2 0 2 0 2 0 2 0 2 0 0 1 0 0 2 0 2 0 2 0 0 2 0 0 2 0 2 0 0 2 0 2 0 0 1 0 2 0 2 0 0 2 0 1 0 1 0 2 0 1 0 1 0 1 0 1 0 2 0 2 0 2 0 0 0 1 0 1 0 1 0 2 0 1 0 2 0 2 0 0 0 1 0 0 2 0 0 1 0 0 0 2 0 0 0 0 0 0 2 0 2 0 2 0 2 0 1 0 2 0 2 0 0 2 0 2 0 2 0 2 0 1 0 0 2 0 0 1 0 1 0 2 0 1 0 0 2 0 2 0 0 0 0 2 0 1 0 0 2 0 0 1 0 1 0 0 0 1 0 0 2 0 2 0 0 2 0 2 0 1 0 0 0 1 0 2 0 1 0 1 0 2 0 2 0 2 0 1 0 2 0 0 0 2 0 1 0 2 0 0 0 0 0 0 0 0 0 0 0 2 0 0 0 1 0 2 0 2 0 1 0 2 0 0 2 0 0 0 0 0 0 1 0 2 0 0 2 0 0 1 0 2 0 0 0 1 0 2 0 2 0 0 0 1 0 2 0 1 0 2 0 0 0 0 0 1 0 2 0 0 0 0 0 1 0 2 0 0 0 0 0 0 0 0 0 0 0 0 
0 0 0 2 0 0 0 0 0 0 2 0 0 0 2 0 0 1 0 0 0 0 1 0 2 0 2 0 2 0 1 0 2 0 2 0 1 0 1 0 2 0 1 0 1 0 1 0 0 0 2 0 2 0 2 0 2 0 1 0 0 2 0 1 0 2 0 2 0 0 1 0 1 0 1 0 0 2 0 2 0 1 0 2 0 0 2 0 1 0 1 0 1 0 0 2 0 0 2 0 1 0 2 0 2 0 0 2 0 2 0 2 0 2 0 2 0 0 2 0 2 0 2 0 1 0 1 0 0 2 0 0 1 0 1 0 1 0 2 0 1 0 2 0 2 0 2 0 1 0 2 0 2 0 0 2 0 0 0 0 0 1 0 2 0 2 0 0 2 0 1 0 2 0 0 2 0 0 1 0 1 0 2 0 2 0 0 2 0 0 2 0 1 0 1 0 0 0 0 0 1 0 2 0 2 0 2 0 2 0 2 0 0 0 0 0 1 0 1 0 1 0 2 0 1 0 0 2 0 2 0 2 0 0 2 0 0 0 2 0 1 0 2 0 1 0 2 0 1 0 2 0 0 0 0 
0 0 2 0 0 0 2 0 1 0 2 0 2 0 2 0 0 2 0 2 0 2 0 0 2 0 2 0 1 0 2 0 0 1 0 2 0 2 0 2 0 1 0 2 0 2 0 0 0 2 0 2 0 2 0 2 0 2 0 2 0 1 0 0 1 0 1 0 1 0 1 0 2 0 2 0 2 0 1 0 1 0 2 0 2 0 2 0 0 2 0 0 1 0 0 2 0 2 0 0 2 0 2 0 0 2 0 0 1 0 1 0 0 2 0 2 0 2 0 0 1 0 2 0 1 0 2 
0 0 2 0 1 0 2 0 2 0 1 0 2 0 2 0 0 2 0 2 0 2 0 2 0 2 0 2 0 2 0 0 1 0 1 0 1 0 2 0 0 2 0 2 0 0 2 0 1 0 1 0 1 0 0 2 0 0 2 0 0 0 2 
2 0 2 0 2 0 1 0 1 0 1 0 0 2 0 0 2 0 2 0 1 0 0 2 0 2 0 2 0 1 0 
0 2 0 2 0 0 2 0 2 0 2 0 1 0 1 
0 1 0 2 0 2 0 
0 2 0 
1 
1711  0.0000000000000000e+00
1727  0.0000000000000000e+00
1807  0.0000000000000000e+00
1951  0.0000000000000000e+00
1983  0.0000000000000000e+00
2023  0.0000000000000000e+00
1831  3.4308760407044465e-38
1279  3.7862509282627354e-38
2039  1.5837288610031842e-37
2015  3.6331931578546011e-37
1982  6.7986711304224294e-37
1950  6.3227459718253093e-36
2014  1.7579541579709592e-34
2038  2.1047097419634945e-34
1759  1.0796389265010153e-33
2031  1.1525714734415713e-33
1895  3.6112257577177506e-33
1903  3.9201405825692476e-33
1967  4.6662148656798650e-33
2035  9.4330642955633607e-33
1919  1.6998359480528189e-32
1726  2.3328208780802078e-32
1981  1.1838559142189174e-31
2027  2.4945078910638177e-31
1663  1.0378832705236830e-29
1863  1.2191750103440879e-29
1725  1.2979552327220462e-29
1949  3.0322972104459120e-29
2047  3.5823088456581290e-29
1271  4.3956709678084220e-29
1723  2.0021793606376670e-28
1599  3.3463708785375813e-28
1575  4.0268010618747479e-28
2013  8.2356908992993101e-28
1806  8.5879892371574378e-28
1583  9.2379512754574476e-28
1980  1.0535026235778907e-27
1703  1.2139914887541332e-27
2037  1.2561102508363048e-27
1999  3.0894327145146729e-27
2045  3.7823783905440417e-27
1278  6.7546272689851461e-27
1799  6.7752422696272270e-27
2046  9.9262449580008526e-27
1277  1.3393004382021490e-26
1815  1.4111021749150374e-26
1679  2.1492810335868222e-26
2043  2.4166511218991177e-26
1275  2.7264400611576236e-26
1263  3.4217491490003048e-26
1471  9.3165911531634904e-26
1710  1.2687949213497698e-25
1830  1.7497504890179576e-25
1948  4.1789879186419338e-25
2022  7.4773796741911209e-25
1709  2.8387093225561959e-24
2003  3.1423633443252801e-24
1943  3.4793937005981931e-24
1695  3.5035376006123036e-24
2019  5.4010475637444619e-24
1902  6.2958767157736539e-24
1707  1.3463708918166816e-23
1971  1.7695423312177708e-23
1975  2.8289592605880565e-23
1918  3.9110064178429321e-23
1215  4.0428685015298962e-23
1887  1.2676539076305655e-22
1805  1.4251940259700096e-22
1939  1.6922077191390346e-22
2021  2.4837697418418959e-22
2011  4.6855853500593165e-22
1743  7.5221920617797849e-22
1719  7.8984623451017137e-22
1871  8.5742381047915049e-22
2036  1.1714674413403198e-21
1662  1.3864159171682136e-21
1751  1.4578419022560229e-21
1979  1.6885771805694899e-21
1255  2.5032315403082417e-21
1758  3.8505302993927190e-21
1803  4.1446082164644262e-21
1239  5.2040018612662272e-21
2012  5.3720170992167762e-21
2034  5.6565616066295467e-21
1582  9.8335580789688681e-21
1947  1.0034154901576155e-20
2033  1.0332226778673929e-20
1899  1.3819794511430036e-20
1862  1.6551194203873229e-20
1267  2.3473171074256395e-20
1901  3.0750424747032391e-20
1829  3.2659462677862885e-20
1935  3.5863221115987396e-20
1847  3.8153265850888077e-20
1966  6.0117496930388372e-20
1724  1.0372135880450964e-19
2042  1.2519572249671975e-19
1717  1.8179870942995716e-19
1591  2.2297100875820522e-19
1718  2.5247150873777656e-19
2007  2.6761345331568698e-19
1699  3.3247529451012420e-19
2030  3.8525514949792734e-19
1647  4.4371897688808124e-19
1911  4.8046640488772489e-19
1715  4.8337030373245537e-19
2041  5.9066495786736430e-19
2010  7.9732061823468625e-19
1811  9.7835080753099921e-19
2044  1.0013979597592131e-18
1211  1.3965232336640911e-18
1998  1.4481057287618092e-18
1997  1.6110801922805314e-18
1814  2.0164890525280459e-18
2029  2.1761460920999438e-18
1659  2.2757947596404797e-18
1579  2.4574998113977456e-18
1991  2.6886748662198001e-18
1567  2.7915650739393240e-18
1691  3.2228870513311897e-18
1655  3.6373821690533873e-18
1978  4.6576887076137732e-18
1894  5.7621034977458455e-18
1757  6.4179815298771444e-18
1827  7.1389822588548143e-18
1965  9.3916032969423535e-18
2009  9.7056474590140146e-18
1891  9.8479712172190092e-18
1581  9.9345863792531079e-18
1463  1.1221840313770294e-17
1843  1.2715440826650110e-17
1722  1.4741752251686933e-17
1959  1.5256446221936436e-17
1946  1.5266627056290664e-17
1661  1.6280285265686942e-17
1151  1.7328148248081425e-17
1262  1.7865969409272866e-17
1598  1.8303235243009782e-17
1455  1.8329299656653825e-17
1551  1.9799466514956370e-17
1199  1.9926249275286427e-17
1917  2.7012388146753824e-17
1933  3.0960190149442412e-17
1259  3.1888113854644753e-17
1934  3.2300323192432662e-17
1147  3.9206512113886742e-17
1023  4.3343617286601090e-17
1276  4.8801391979481658e-17
1927  5.2332402823067325e-17
1828  5.3427296316573063e-17
1721  6.2493095627674155e-17
1977  6.6543550688741447e-17
1813  8.4594678296767775e-17
1671  1.2448887902624339e-16
1825  1.8758114932043185e-16
1945  1.9067643829576021e-16
2040  2.3577498606121797e-16
1270  2.5509525350810932e-16
1631  2.5560706168306636e-16
2032  2.6543912569207634e-16
1273  2.6853875794913786e-16
1893  2.7134237075226595e-16
1135  3.3052922834863887e-16
 783  3.4892706282979170e-16
1469  3.5411410891559354e-16
1470  3.9957296346766433e-16
1261  4.6829918956404961e-16
2028  4.6901387978709225e-16
1251  5.0989613684057832e-16
2025  5.1885066018299337e-16
2026  5.2178399424052470e-16
1274  5.2384495307223629e-16
1207  7.1115591937775919e-16
2005  7.8341715271814463e-16
1826  8.0264143402120890e-16
2006  9.9430054028296392e-16
1995  1.1641764513468575e-15
1519  1.5660893306147732e-15
1547  1.5869661454878339e-15
1423  1.6775953871859266e-15
2020  1.8049448254763860e-15
1183  1.8532971937494950e-15
2018  1.9281190467100923e-15
2017  1.9368335175430526e-15
1861  2.3129808951706083e-15
1755  2.3695950606382853e-15
2008  2.4917823704021506e-15
1990  2.6547972248007465e-15
1574  2.9990808019328422e-15
1842  3.6371065851365647e-15
2002  3.7821839504358294e-15
2001  4.0403162717372997e-15
1996  4.1499402722350170e-15
1974  4.3467137548536625e-15
1214  4.3710041562356160e-15
1678  5.5950141669584626e-15
1973  5.8829525688583205e-15
1993  7.5641657048455063e-15
1987  7.5885930484998074e-15
1708  7.9092949159287033e-15
1571  7.9460339425638858e-15
1706  8.0431232356803356e-15
1705  8.0436760248485526e-15
1870  8.3243474603993759e-15
1963  8.6919394311487502e-15
1958  9.3891103967555089e-15
1694  9.6557527585794393e-15
1693  9.6560723535170672e-15
1970  1.1339428943792008e-14
1143  1.2097045399495283e-14
1969  1.2113481703908823e-14
1942  1.2699313741492433e-14
1467  1.3448047230339562e-14
1245  1.3502535255780131e-14
1675  1.3817055625700350e-14
1451  1.4136344288297981e-14
1233  1.4547565809648294e-14
1976  1.4633185468622579e-14
1941  1.7191850235951675e-14
1915  1.7825800847525102e-14
1687  1.9161972261422798e-14
1910  1.9210459040322323e-14
1824  2.0179079968769644e-14
1859  2.0888017999568231e-14
1961  2.2679385298778472e-14
1964  2.2710310220230319e-14
1931  2.5086356497690695e-14
2024  2.9210536153914469e-14
1955  3.1753596850107239e-14
1926  3.5183314671435537e-14
1944  4.2773754787519150e-14
1720  4.2808231802719543e-14
1938  4.5063681901938107e-14
1916  4.5685455598389875e-14
1913  4.6529904497649421e-14
1119  4.7262387838957250e-14
1886  4.7483143703737171e-14
2004  4.8129614350714273e-14
1937  4.8147006177062245e-14
1793  4.8506360416288399e-14
1846  4.9962619243533609e-14
1804  5.4091320955204245e-14
1269  6.3063076983064084e-14
1802  6.3522490875108794e-14
1907  6.5916976158231551e-14
1932  6.8027092058431326e-14
1702  6.8107719234268301e-14
1801  8.2426428430645121e-14
1929  9.0534975512753114e-14
1994  9.4415817838897436e-14
1597  1.0577841293100484e-13
1798  1.0835215093730229e-13
1923  1.1267483694091173e-13
1900  1.1450238312749555e-13
1841  1.1784523617841022e-13
1797  1.2725634018026419e-13
1835  1.5974666183109477e-13
1898  1.7197167374390290e-13
1897  1.7205691698275570e-13
1989  1.8364538308504154e-13
1795  2.1628280738147548e-13
1573  2.2256874406787998e-13
1677  2.2743413680701524e-13
1742  2.4776838038767298e-13
1972  3.0252070501415754e-13
1756  4.8901984711814595e-13
1962  5.9256192108398728e-13
1701  5.9997540340656605e-13
1812  6.0211778965233738e-13
1869  7.8494002079487620e-13
1940  8.7045796000987873e-13
1250  8.8779335888933534e-13
1860  1.0359900303884562e-12
1867  1.0381875503794213e-12
1957  1.1489397209692731e-12
1914  1.1895412311319384e-12
1753  1.4381352989204494e-12
1879  1.5255304694916720e-12
1754  1.5992163876338379e-12
1266  1.6699678541676105e-12
1930  1.6846174453670485e-12
1550  1.7289742656585028e-12
1150  1.7318434822129770e-12
1660  1.8348381751012533e-12
1375  1.8366832601591419e-12
1265  1.8710796441274179e-12
1213  1.8857381402005881e-12
1580  1.8913453098288982e-12
1735  1.9797910919488732e-12
1792  2.2153737818020215e-12
1909  2.3016414615690505e-12
1855  2.4550246012917346e-12
1749  2.4870798790202608e-12
1750  2.4994944325178375e-12
1578  2.6787196165582643e-12
1577  2.6914203510843030e-12
1783  2.8791052812940200e-12
1254  2.9416158718269568e-12
1253  2.9699713099144302e-12
1883  3.0448725478053307e-12
1925  3.2650855760079657e-12
1268  3.4510275997350319e-12
1839  3.8795127480719998e-12
1658  4.1174620485321362e-12
1657  4.1245851937589949e-12
1845  5.0138463344726547e-12
1747  5.0245143604684021e-12
 659  5.0927881216877918e-12
1741  5.3182665392467152e-12
1238  5.8730974157672752e-12
1087  5.8980204844581897e-12
1237  5.9338448220693343e-12
1885  6.1815147605817980e-12
1545  6.5206279885081836e-12
1653  8.2317757262575620e-12
1823  8.2738341548928049e-12
1015  8.7780353788603374e-12
1840  9.1792026654042835e-12
1789  9.1884694719639261e-12
1857  9.1897055279878425e-12
1775  9.3015683798228436e-12
1249  9.6384460868486600e-12
1247  1.0145875842386849e-11
1739  1.0166104140224774e-11
1858  1.1184289911776965e-11
1212  1.1366083061374604e-11
1235  1.1795452275201798e-11
1690  1.2776504344825505e-11
1210  1.2783693502553834e-11
1209  1.2807784513196852e-11
1689  1.2907329484866183e-11
1645  1.6745176565720641e-11
1787  1.8276282290819478e-11
1630  2.1475758430461847e-11
1227  2.4087565455958715e-11
1685  2.5348319815193218e-11
1205  2.5556699251751926e-11
1646  3.7360175065468953e-11
1716  4.5537123283130590e-11
1714  4.5544963782696682e-11
1713  4.5545961719686568e-11
1022  5.0390929266454637e-11
1021  5.0561972305027141e-11
1197  5.1533750430902384e-11
1007  5.6022877580249697e-11
1629  5.8912781102645944e-11
1232  6.7959346750495801e-11
1700  8.8642554541304154e-11
1639  9.2773939154251166e-11
1146  9.4087737367710592e-11
1145  9.4441371478393350e-11
1019  1.0323307082652692e-10
1244  1.1198602533330861e-10
1242  1.1465229059090867e-10
1511  1.1902905351128865e-10
1810  1.4242640699537065e-10
1809  1.4244008876552955e-10
1654  1.6541553735011700e-10
1590  1.7268060594129816e-10
 779  1.7520973359574649e-10
1589  1.7531182911969996e-10
1182  1.7757340811773033e-10
1651  1.7765603488048670e-10
1141  1.8795608211429895e-10
1566  1.9863601936161359e-10
1565  2.0004462404617495e-10
1224  2.3515087434529138e-10
 777  2.3962125059876666e-10
1230  2.4638771185955170e-10
1415  2.5661038413295462e-10
1539  2.6396123615718345e-10
1615  2.6895998270558012e-10
 975  2.8589063951359659e-10
1559  3.0310970631069682e-10
1595  3.3549801985985668e-10
1623  3.5478571392865036e-10
1587  3.5589114063190515e-10
1537  3.7732622709773207e-10
1272  3.9043274094907567e-10
1856  3.9297223875923176e-10
1643  3.9634464395200353e-10
1133  3.9989966674534565e-10
1546  4.4927380928738122e-10
1422  4.5708846947913143e-10
1421  4.6055718487674697e-10
1549  4.8889215809047616e-10
1543  4.9486332908693791e-10
1248  5.1335270670497035e-10
1515  5.1732069332398766e-10
1468  5.4467599773174161e-10
1466  5.5641962701344479e-10
1465  5.6583362368196971e-10
1563  5.8733458327873871e-10
1198  6.8450159926099587e-10
1374  6.9168871587335578e-10
1495  7.1057326816383104e-10
1596  7.6208423760310788e-10
1148  8.5753684881645979e-10
1149  8.8777688942965722e-10
1698  8.9072325278521401e-10
1118  9.1334107628763019e-10
 752  9.1932009747140732e-10
1419  9.4883636710161969e-10
1697  9.5140456619139735e-10
1260  9.5787962336597841e-10
1258  9.5797911779992213e-10
1257  9.5818078236667339e-10
1627  1.0747224598291005e-09
1462  1.1744607285148556e-09
 776  1.1779357681738174e-09
1461  1.1842134911668961e-09
1167  1.3466594905195226e-09
1191  1.3814526030147443e-09
 782  1.4354995959104570e-09
1692  1.4513890788738442e-09
1117  1.4909744844893507e-09
1454  1.6084616656563783e-09
1453  1.6153804788351592e-09
 747  1.6938243362940048e-09
1892  1.7181081374635143e-09
1890  1.7181094449228620e-09
1889  1.7181126331615049e-09
1686  1.7259448767093632e-09
1593  1.7501452675120062e-09
1449  1.9165631795294326e-09
1704  2.1028841512242870e-09
1459  2.2066639299151890e-09
1683  2.2645537903225067e-09
1531  2.3781252038545819e-09
1206  2.4403404855070550e-09
1203  2.5041987277938895e-09
1509  2.5582801954109116e-09
1003  2.8421275295419363e-09
1544  2.8439004051347640e-09
2016  3.0922245913011124e-09
2000  3.1130270761481964e-09
1992  3.1301485630680027e-09
1988  3.1643819560644734e-09
1986  3.2325637869184949e-09
1985  3.3691887017274865e-09
1181  3.3801574703396947e-09
1450  3.3922099813070295e-09
1134  3.4068460373021589e-09
1175  3.9336945907283005e-09
1676  4.5043939348468701e-09
 719  4.6796085984223586e-09
1674  4.7620526241404292e-09
 781  5.1021120820910675e-09
1399  5.1351414432201272e-09
1195  5.2363352956981892e-09
1673  5.2779814250725649e-09
1127  5.7144405796172512e-09
1968  5.8478106440505122e-09
1960  5.8658194898553128e-09
1956  5.9018077876805729e-09
1954  5.9732131643060805e-09
1953  6.1165290941942872e-09
1447  6.6352021167304106e-09
1868  6.9801725584603858e-09
1103  7.7373708895590045e-09
1443  7.7789031189514807e-09
1518  8.5361847952073607e-09
1517  8.5444484556927630e-09
1670  9.0097362684283784e-09
1669  9.5280269752288702e-09
1085  1.1078608482430494e-08
1912  1.1692837464444406e-08
1908  1.1731795924871984e-08
1906  1.1808538279739354e-08
1905  1.1963057288303153e-08
 649  1.2996435844176601e-08
1435  1.3822750647530604e-08
1179  1.3894524763616709e-08
1936  1.4074965230342974e-08
1928  1.4155473577761179e-08
1142  1.4283834242605210e-08
1924  1.4316353754134649e-08
1844  1.4469598290534504e-08
1359  1.4589918574014046e-08
1922  1.4635514595563837e-08
1921  1.5276041713725357e-08
1139  1.5923463582952094e-08
 651  1.6376016917113574e-08
1413  1.7461115053938890e-08
1111  1.7745437342985423e-08
1667  1.8071470197387566e-08
1086  2.2816271632761270e-08
1884  2.3544708625995067e-08
1881  2.3798709567865019e-08
1594  2.5516840785795114e-08
1882  2.5681201959818254e-08
1896  2.6110441804246430e-08
1572  2.6791878513595801e-08
1570  2.6792393363209854e-08
1569  2.6793203044000717e-08
1131  2.9478283640022977e-08
1367  2.9980263868478963e-08
1508  3.0076427412732955e-08
1696  3.0373447734717441e-08
1441  3.5642346464046855e-08
 658  3.7909923242749219e-08
1373  4.3124256771665450e-08
1877  4.7296923999214614e-08
 618  4.9203622152989993e-08
 591  5.4550287963725577e-08
1866  5.6572136508039108e-08
1865  5.7320494181434409e-08
1838  6.1029196849597981e-08
 936  6.2274267228889552e-08
1448  6.4783870749750761e-08
1115  6.4876551655635693e-08
 627  6.5831980876498904e-08
1071  6.9829306633809417e-08
 648  7.7794166801850643e-08
1878  7.7843786660616662e-08
1371  8.9285678951094511e-08
1712  8.9366595725297923e-08
1548  9.0923461797481656e-08
1592  9.6125517421070353e-08
1264  1.0172633257836412e-07
1752  1.0401799072169280e-07
1252  1.0428554426048861e-07
1748  1.0521426289172116e-07
1079  1.0678097117658110e-07
1746  1.0761945376745058e-07
1834  1.1171955351301893e-07
1745  1.1242235542442700e-07
1833  1.1405025013915200e-07
1854  1.1511279048702397e-07
1853  1.1611741371555521e-07
1875  1.2933724828095351e-07
1888  1.4870455109289280e-07
1837  1.7375390994584847e-07
1246  1.8129178483444010e-07
1412  1.8370973324707655e-07
1243  1.8833964259193556e-07
1236  2.0088032393236735e-07
1234  2.0536917461915045e-07
1231  2.0652763584228245e-07
1740  2.0941875835129696e-07
1738  2.1062413351468533e-07
1656  2.1406050203467927e-07
1737  2.1578643452525546e-07
1652  2.1709362642740482e-07
1650  2.2314859305682830e-07
1851  2.3204012090782076e-07
1822  2.3338365339273575e-07
1821  2.3616090682169345e-07
1576  2.4106661599864838e-07
1083  2.7546542809197439e-07
1788  2.7929969506430078e-07
1786  2.8340556656468958e-07
1785  2.9270591954593947e-07
1649  3.2210754352213689e-07
1808  3.3100022027965337e-07
1800  3.8888337633120046e-07
1796  3.8888526003990790e-07
1794  3.8888891527192491e-07
1226  3.9828876934249172e-07
1791  4.0385916799536045e-07
1225  4.0798311572050311e-07
1734  4.1937344382593846e-07
1733  4.2204105279275374e-07
1644  4.2382526700857757e-07
1642  4.3036394058850065e-07
1208  4.3827034540329626e-07
1204  4.4492918197160502e-07
1202  4.5820296972064900e-07
1819  4.8363681416249665e-07
1536  5.2488915034595205e-07
1641  5.3836967073536604e-07
1781  5.6779448681473960e-07
1782  6.7797935826791259e-07
1221  7.3865948674265733e-07
1020  7.8103393784747805e-07
1018  8.0321106756680968e-07
1731  8.3854901604896415e-07
1017  8.3961299283379900e-07
1638  8.4094295229228738e-07
1196  8.4357174315680650e-07
1194  8.5810893683556497e-07
 974  9.1032321810938937e-07
 780  9.6065233950073452e-07
1628  9.6195022517689227e-07
1528  9.6221994037823048e-07
1542  9.6551215131982232e-07
1637  9.6776907593254158e-07
1626  9.7743906108898301e-07
1440  9.8868045907692553e-07
1688  1.0227326566429171e-06
1684  1.0239912320934223e-06
1682  1.0264773169213799e-06
1055  1.0888025808814671e-06
 971  1.1162825885666519e-06
1343  1.1407421081564190e-06
 778  1.1719152396390669e-06
1625  1.1990907600328586e-06
1774  1.2459192322578856e-06
1256  1.2659344027117858e-06
1773  1.2676036098813257e-06
1779  1.2784967530139922e-06
1516  1.5466067479457163e-06
1014  1.5710806595417226e-06
1013  1.6117929131392547e-06
1190  1.6679631008856726e-06
1144  1.6760763092986476e-06
1201  1.6956558970523317e-06
1140  1.6994541934467664e-06
1138  1.7456144053197385e-06
1568  1.8248366778239564e-06
 773  1.8358961291465510e-06
 746  1.8421470713680344e-06
1622  1.9089766188905009e-06
1180  1.9363045617955328e-06
1178  1.9682154186342941e-06
1534  1.9915679336968809e-06
1621  2.1746853431714437e-06
1193  2.2010632633530719e-06
1564  2.2551812507777893e-06
1562  2.2895436833877349e-06
1561  2.3847382863106540e-06
1767  2.5433223783343725e-06
1002  2.5586251142689891e-06
1771  2.6987484786212245e-06
1432  2.7420740300066344e-06
 775  2.7839823433830998e-06
1514  2.7847717231695756e-06
1513  2.8618609113482964e-06
1011  3.1518184361491850e-06
1189  3.1811724627778426e-06
1132  3.2752901392883403e-06
1130  3.3305679652096001e-06
 772  3.6206534783010435e-06
 616  3.6470660945964592e-06
1174  3.8041900994822113e-06
1504  3.9575276004345084e-06
1316  3.9943951181498313e-06
1635  4.0789953422800889e-06
 745  4.1087144196342617e-06
 657  4.1305211738071412e-06
1177  4.2893602950755795e-06
1614  4.4349910215603591e-06
1558  4.5062511390866272e-06
1588  4.5809941053997529e-06
1586  4.5893213388843392e-06
1585  4.6062404036485928e-06
1372  4.6092827591023884e-06
1557  4.6320147941992357e-06
 750  4.6507617510029725e-06
 614  4.6776425274762956e-06
1370  4.6905710752568753e-06
1510  4.6946141663415981e-06
 749  4.7453513186922429e-06
1613  5.0266985048537306e-06
 718  5.1784601657000345e-06
1420  5.1872362370441365e-06
1418  5.2244967845781939e-06
1417  5.2974671840164300e-06
1137  5.3847662897106637e-06
1240  5.5449668012755411e-06
 970  5.6116446969561495e-06
1228  5.7118314219555892e-06
1001  5.8027496652227786e-06
1408  6.1066380531643743e-06
1222  6.2776544332252492e-06
 656  6.3562888681676468e-06
1126  6.4797379714561541e-06
1173  6.5812970993327083e-06
1006  6.7634262160897903e-06
1005  6.9161409435354855e-06
1219  7.0067754607179001e-06
1452  7.2042803708438934e-06
1129  7.5610166599096639e-06
1116  7.7880908660713428e-06
1114  7.9310915027457956e-06
 973  8.0184399543662003e-06
1530  8.1235059186727626e-06
 994  8.2571221298688663e-06
 739  8.3857292788887855e-06
1414  8.4547031813339166e-06
1619  8.5766133087565797e-06
1166  8.6036707779994316e-06
1464  8.6522098853608336e-06
1460  8.7595877237285055e-06
1366  8.8305875377018030e-06
1458  8.8877303533737481e-06
1457  8.9866926616204790e-06
1529  9.0576133754064134e-06
1790  9.6558843556133656e-06
1555  9.7644362444597185e-06
1446  9.9927725916555227e-06
 650  1.0269888727478103e-05
1125  1.1444751882007787e-05
 995  1.1682814900724193e-05
1494  1.1829968709909720e-05
1493  1.2055424480810157e-05
 738  1.2067501232167997e-05
1607  1.2629615583720168e-05
1187  1.2919722829170982e-05
1525  1.3199548172215352e-05
1165  1.3782963111287782e-05
1409  1.4169707319197134e-05
1113  1.4372888423886747e-05
 717  1.4596464315520587e-05
1611  1.5093604371712662e-05
1538  1.5160366725981404e-05
1110  1.5229718136810668e-05
1438  1.5774896690017700e-05
1541  1.6055841981315515e-05
1369  1.6144764420712456e-05
1442  1.6297616701906444e-05
1505  1.6664388793839705e-05
 603  1.7956970665255996e-05
 743  1.8118298078687399e-05
1535  1.8306564287936629e-05
 731  1.8782010112095434e-05
1491  1.9086605688362031e-05
1358  2.0564345766226457e-05
 611  2.1200959068340983e-05
1439  2.1689643753075005e-05
1171  2.2816048683503531e-05
1365  2.3431768805173244e-05
1109  2.3725268148665613e-05
 590  2.3997725289345490e-05
1483  2.4275217922843576e-05
 645  2.4314324017616802e-05
1507  2.4531982851997576e-05
1434  2.5266730510108915e-05
1445  2.5619478536895514e-05
 999  2.5963730108440924e-05
 987  2.6091759526891720e-05
1411  2.8182621753567545e-05
1433  2.8482325098968761e-05
1501  2.8525077854573566e-05
1084  2.8714524339631287e-05
1082  2.9366076127634422e-05
1123  3.0526870757425466e-05
 610  3.1446235220268688e-05
1159  3.2052972755794519e-05
1984  3.3014139681324056e-05
1952  3.3602263779193781e-05
1490  3.4369939004751520e-05
1904  3.4661594792918740e-05
1102  3.4937368922346307e-05
 647  3.6923523866865210e-05
1880  3.6926112507184807e-05
 644  3.7848076734795636e-05
1163  4.0039147472878141e-05
1876  4.1326283556818390e-05
1429  4.5863566030209158e-05
1357  4.6320542477523375e-05
1081  4.7037196589280123e-05
 915  4.8746772546526883e-05
1398  5.0006095579037498e-05
1874  5.0056440306220842e-05
1101  5.0803030516957072e-05
 715  5.1204284858669509e-05
1397  5.1455974762142335e-05
 744  5.3889861690042221e-05
 934  5.5557127967337414e-05
 944  5.5604794982801639e-05
1078  5.6265141968634091e-05
 711  5.6932261350688456e-05
1107  6.0890487628654193e-05
1394  6.1115580692511505e-05
 626  6.1569630770229620e-05
 625  6.3991875993826716e-05
1672  6.4215344289351092e-05
1668  6.4334015588414482e-05
1666  6.4562807288924900e-05
1665  6.5004937407474848e-05
1681  6.5091073309870209e-05
 589  6.5682417432823305e-05
1363  6.5937774618749653e-05
1395  7.0044625147399635e-05
1920  7.1238538814966628e-05
1000  7.4692076723045434e-05
1864  7.5240883643867067e-05
1077  8.1930828531179127e-05
1405  8.7353227908296865e-05
1852  8.8052497257273894e-05
1387  9.2532644310474197e-05
1850  9.8364297163137110e-05
 619  1.0168323784337066e-04
1070  1.0227185388829801e-04
 384  1.0355771526409310e-04
1095  1.0387417276794709e-04
 932  1.0681897930813623e-04
1099  1.1166743950137149e-04
1849  1.1874405232949530e-04
1355  1.1875750180612153e-04
1351  1.2822059636464396e-04
1836  1.3163536193559964e-04
1832  1.3499783448232163e-04
1873  1.3879120470007610e-04
1680  1.4456821248490299e-04
1820  1.4625881588610794e-04
1075  1.5432298191596453e-04
1069  1.5506797481744315e-04
1818  1.6028584563141887e-04
 969  1.6254901623930662e-04
 587  1.6640468008491310e-04
 933  1.6833492464805267e-04
1817  1.8826321219568199e-04
1540  1.9060087796653413e-04
1744  1.9497903696644246e-04
1736  2.0107187462681706e-04
1732  2.1299383539843532e-04
 583  2.2253818196057829e-04
1241  2.3573451457079798e-04
1730  2.3634481265448587e-04
1229  2.4023827157355424e-04
1223  2.5076634932753682e-04
1220  2.6915575218285770e-04
1784  2.7011442532802661e-04
1780  2.8129619490341692e-04
1729  2.8205706029893663e-04
 961  2.9436384820077032e-04
1778  3.0291085128346623e-04
1218  3.0671685223554099e-04
 518  3.0739176039445889e-04
1648  3.0886981503142763e-04
1584  3.1510574388904302e-04
1067  3.1647080407981175e-04
1640  3.1852463642216458e-04
1533  3.3181549692585892e-04
1636  3.3715713739957234e-04
1777  3.4820405876663507e-04
 967  3.4823947277271884e-04
1634  3.7325085247237892e-04
1063  3.8307913923900621e-04
1772  3.8552233812398477e-04
 369  3.9091953485274628e-04
 736  3.9946558721792690e-04
1342  4.2413711270538267e-04
1770  4.2506678741601389e-04
 703  4.4688310496362072e-04
 972  4.5180975894718641e-04
1200  4.5581036749017557e-04
1192  4.7138807770196069e-04
 992  4.7586075849332900e-04
 921  4.8157067844077666e-04
1624  4.8738764334930475e-04
1188  5.0110721536196967e-04
1769  5.0759643997506530e-04
1620  5.1847366217140948e-04
 774  5.2185906339998172e-04
1016  5.3193805284070786e-04
1503  5.3564833188815433e-04
1532  5.5237499693193122e-04
1633  5.5319044392655671e-04
1012  5.5581625081233281e-04
1186  5.5755852500091469e-04
 963  5.6062766465965464e-04
 771  5.7399799958734294e-04
1618  5.7775694774593112e-04
1010  5.9149711369670317e-04
1050  5.9407448800681767e-04
1526  6.0211778367410412e-04
 770  6.1938701421427992e-04
1523  6.3569666379280647e-04
 689  6.3775287599304546e-04
 968  6.5113275605402615e-04
1009  6.5954690114334972e-04
1314  6.7101733767063927e-04
1176  6.9004303845416834e-04
1456  6.9251888971819131e-04
1054  6.9600897207085048e-04
1416  7.0370011622736305e-04
1217  7.1169568680555810e-04
1560  7.1921924099906933e-04
 769  7.2309382852417891e-04
1766  7.4235958087566728e-04
1172  7.4435344270154578e-04
1512  7.5458823253314524e-04
1337  7.6163874263904187e-04
1556  7.8565836306689356e-04
1053  7.8964869969562956e-04
1612  7.9401751769953780e-04
 716  8.1255267495880209e-04
 748  8.3287669919263031e-04
1617  8.3980209295635947e-04
1136  8.3983727654646874e-04
1170  8.4541069734869636e-04
 742  8.8713591954998840e-04
1128  8.8907616242830815e-04
1765  8.8911596820157686e-04
1610  9.0533529934722589e-04
1554  9.1273111309841536e-04
1506  9.2303365510380949e-04
 714  9.2945442229839387e-04
1004  9.3711844686471051e-04
1124  9.8084831342687634e-04
1410  1.0450555116661424e-03
1368  1.0677691397683808e-03
 602  1.0859050985674717e-03
 998  1.0864686092963627e-03
1185  1.1031948212542131e-03
1164  1.1127698144968870e-03
 612  1.1227375655350664e-03
1313  1.1476566068910322e-03
1122  1.1521122674839287e-03
 728  1.1727759341573672e-03
1364  1.1769054354401653e-03
1488  1.1774226328997511e-03
 575  1.1922632360926084e-03
1341  1.1938735962135382e-03
1051  1.2107704120835722e-03
1492  1.2251421225843888e-03
1553  1.2563817750095001e-03
1444  1.2717028736897349e-03
 966  1.2928104201411273e-03
1162  1.3121032486010547e-03
1527  1.3187361451972987e-03
 608  1.3437801369207635e-03
1609  1.3494566092727290e-03
 553  1.3546388313240402e-03
1362  1.3741031206099801e-03
1407  1.3905672075137992e-03
1502  1.4055851575091667e-03
1112  1.4223102262240883e-03
1524  1.4590875537820946e-03
1606  1.4619299550945283e-03
 734  1.4875506722470027e-03
 710  1.5410012924621703e-03
1664  1.5878510247206786e-03
1108  1.6036802169271018e-03
 984  1.6045029445693035e-03
1169  1.6228375590563221e-03
1499  1.6485418320673637e-03
 737  1.6532641822919025e-03
 609  1.6535084344319051e-03
1763  1.6629994592432138e-03
1489  1.7252020505159017e-03
1340  1.7320641013838581e-03
1522  1.7633389403638828e-03
1307  1.8072297846734135e-03
 681  1.8130710260625459e-03
1436  1.8539819764794596e-03
 990  1.8610068710733858e-03
1356  1.8631433653203656e-03
1106  1.9359943498278675e-03
 588  2.0046023817200951e-03
 993  2.0729789076543003e-03
1406  2.0883256853280138e-03
 741  2.1061743793092023e-03
1158  2.1686683476188923e-03
1430  2.1995439487644641e-03
1121  2.2357972020700554e-03
 646  2.2487982763105966e-03
1605  2.2515122637633569e-03
1437  2.2784987062417230e-03
1354  2.2896616157008099e-03
1500  2.2900093291215039e-03
1403  2.3223698367699037e-03
 735  2.4295170382032964e-03
 586  2.4352954895738130e-03
 730  2.4669194830235566e-03
1306  2.5029576341565572e-03
1100  2.5180607808615433e-03
1161  2.5567073767210837e-03
 997  2.5755880583502914e-03
1482  2.5830411647392139e-03
 643  2.6001870010421741e-03
1487  2.6052773911104977e-03
 601  2.6196739766524649e-03
 713  2.6548975924481927e-03
 914  2.6655124956919468e-03
 607  2.7253017632606932e-03
1427  2.7808625426252453e-03
1431  2.7876111657753949e-03
1498  2.8210613641332172e-03
 642  2.9158017553705751e-03
1080  2.9614409069099370e-03
 991  3.0058698257103612e-03
1396  3.0062487008853593e-03
1043  3.0933226268632990e-03
1098  3.0944585277218528e-03
 986  3.1343262427594048e-03
1392  3.2228181779143435e-03
 641  3.2847155678160616e-03
1428  3.3250041456553943e-03
 729  3.3482007763550783e-03
1481  3.4997199718731012e-03
1076  3.5358869670316468e-03
1480  3.5454126736611854e-03
1361  3.6106897933095902e-03
 624  3.6311425041643018e-03
1105  3.6407980915906463e-03
1350  3.6597698799499079e-03
 561  3.7422039752559332e-03
1603  3.7436379094581136e-03
 905  3.8246538675245126e-03
 960  3.8944232428256278e-03
 942  3.9792345617770874e-03
 582  4.1928379788187670e-03
1157  4.2336327862325307e-03
1426  4.2646295398164743e-03
 985  4.2846472216775209e-03
1393  4.3016578947307248e-03
1074  4.3805698696817077e-03
1331  4.4231369576282140e-03
 709  4.5049301104810330e-03
 929  4.5406145688424845e-03
 617  4.6030072030540910e-03
 382  4.8018507399787457e-03
1486  4.8343940613778513e-03
1404  5.2344754587458006e-03
1094  5.3138880154905890e-03
 725  5.5907027254087586e-03
1068  5.7669861761077837e-03
 848  5.7709155188270835e-03
1353  5.9513621668702268e-03
 913  5.9921480307186725e-03
1097  6.0596559342726243e-03
 615  6.1305378543295794e-03
1477  6.1448299212865922e-03
 941  6.2166493307120527e-03
 930  6.4104045543957140e-03
 381  6.4369540633084834e-03
 595  6.8225964993924937e-03
1391  6.8383230410736899e-03
1386  6.8883557063320576e-03
1402  6.9209908519378520e-03
1155  6.9948319121041873e-03
 981  7.3205579707354071e-03
 585  7.6087299599302237e-03
1066  7.6576693328223328e-03
 931  7.7495685409257626e-03
 707  7.7541745562942407e-03
1299  8.0492768310918197e-03
1073  8.2987650015875717e-03
 606  8.6285260594135636e-03
 940  9.5288434615072096e-03
 380  9.8310172688920918e-03
1336  9.8990134150137594e-03
1385  1.0018082745508297e-02
1349  1.0045550896574317e-02
1093  1.0611006915220282e-02
1872  1.1521209066628322e-02
1384  1.2222064998881569e-02
1390  1.2324100112767522e-02
1848  1.2417301673556114e-02
 364  1.2491648218985935e-02
 516  1.2833274390992588e-02
1062  1.3290490006716626e-02
 581  1.3361641780423978e-02
 872  1.3638516151510339e-02
1816  1.4173484597159152e-02
1521  1.4410711301886543e-02
 965  1.4788760267019696e-02
1065  1.4946136912980653e-02
 907  1.5972472845469161e-02
 368  1.6384674854227753e-02
1347  1.6562910432834515e-02
1776  1.6991258816679455e-02
1091  1.7591232817554234e-02
1381  1.8274889298404401e-02
1728  1.8351740774361826e-02
1008  1.8946572766071094e-02
 920  1.9535090259099459e-02
 514  1.9764718231608341e-02
1768  2.1431349420808987e-02
 377  2.1674227628247420e-02
1052  2.1721954381310603e-02
1632  2.2282389574036662e-02
 768  2.2465819142171696e-02
 505  2.2613116508866809e-02
 579  2.2640362483423822e-02
 957  2.2735612196924250e-02
1216  2.2819016368973214e-02
1048  2.3668873623974174e-02
 688  2.3895092624153388e-02
 956  2.4039692628292884e-02
 700  2.4372071127100506e-02
 962  2.4617816222135311e-02
 702  2.4892229766508539e-02
 928  2.4999519718287549e-02
 365  2.6019539317045419e-02
1616  2.6563881706319046e-02
1061  2.6612257571882042e-02
 599  2.6848937641609914e-02
1184  2.6852201865191178e-02
1042  2.8069634186943252e-02
1312  2.8171665642516421e-02
 740  2.9406902749926165e-02
1764  2.9749407201748877e-02
 917  3.0974877169547714e-02
 712  3.1869964343131787e-02
 600  3.2536589503708510e-02
1168  3.3152746651593935e-02
 507  3.3470177965929139e-02
1608  3.3933033768062899e-02
 996  3.4417832688848689e-02
1339  3.4530235902636340e-02
1049  3.5395092832992144e-02
 572  3.5929833660492391e-02
 900  3.6392131926505117e-02
1046  3.6688308230486195e-02
1330  3.6841194423713634e-02
 964  3.6964012649791558e-02
 685  3.7396954776468677e-02
1552  3.8054494508402696e-02
 701  3.9630427342046311e-02
 552  3.9725892899789200e-02
 680  4.2432621005744228e-02
1497  4.2634755320516450e-02
1360  4.3462843304547423e-02
1305  4.3534911420583043e-02
1120  4.3595922279148748e-02
 574  4.3666136377225384e-02
1160  4.3748525595951299e-02
1762  4.3916945205035432e-02
 676  4.4351146511160851e-02
1059  4.4380168442090841e-02
 732  4.5969182276856917e-02
1333  4.6233563537281114e-02
1604  4.6307383336772097e-02
 708  4.6436490728216866e-02
 959  4.6478269335012860e-02
 980  4.6885226688983650e-02
 640  4.7400696407632059e-02
1401  4.7868910938256390e-02
1338  4.8347627170063495e-02
 361  4.9858110852731376e-02
 904  5.0670068324308988e-02
 733  5.1055439105177208e-02
1047  5.3564636662022991e-02
 988  5.3809760231841981e-02
 684  5.5972933008126127e-02
1476  5.6070107947491281e-02
1520  5.6346800745226133e-02
1104  5.7453547454838508e-02
1485  5.7619881974755205e-02
 548  5.7832094563210729e-02
 605  5.8452348633566457e-02
 989  6.0066034910773253e-02
1156  6.1162958591874192e-02
1352  6.1206688564352074e-02
 953  6.2934856726512070e-02
 584  6.4625277384786781e-02
1425  6.4967040196149115e-02
1602  6.5839483048502304e-02
1761  6.6352234476444130e-02
 912  6.6536986786244673e-02
1303  6.6649576729346918e-02
1304  6.6728110445121877e-02
 549  6.7230618477635090e-02
 573  6.7651171867922494e-02
 726  6.7827005082450195e-02
 706  6.8211994267352707e-02
 911  6.9054811023010365e-02
1496  7.4030559820805836e-02
 727  7.4279482904264255e-02
 560  7.9502296240456141e-02
1096  7.9582451420148706e-02
 982  7.9715224406166463e-02
 697  8.0706391133713459e-02
1297  8.1402159752390887e-02
1479  8.2165677232119386e-02
 677  8.3657324952864348e-02
1424  8.4780945743955269e-02
1041  8.6903759384778845e-02
1154  8.7674519682459540e-02
 983  8.7715485113390168e-02
1348  8.8254104385446730e-02
1335  8.9156730543559132e-02
 927  9.4555096855433951e-02
 580  9.6532194423799400e-02
1072  9.8519818811520637e-02
 499  9.9629754316464772e-02
1302  1.0036247369405045e-01
 723  1.0136635257524031e-01
 846  1.0174904329911860e-01
1484  1.0291597732537648e-01
 613  1.0294504013645003e-01
 724  1.0404146399711223e-01
 939  1.0684996912362171e-01
1329  1.0792488322979775e-01
1389  1.0826672118944654e-01
1601  1.0917733704262260e-01
 379  1.1033016409092743e-01
 376  1.1339809695454511e-01
1092  1.1367535504547693e-01
 557  1.1800045750517182e-01
 594  1.1920345276581720e-01
 569  1.2367550281951339e-01
1346  1.2660018525337935e-01
1380  1.2910883505059995e-01
1400  1.2961818973823208e-01
 901  1.3450821910337418e-01
1298  1.3495247501923591e-01
 578  1.4084179665568686e-01
1064  1.4229561420032391e-01
 705  1.4370597499946305e-01
 845  1.4601791246900017e-01
1478  1.4677266942421574e-01
1153  1.4727565137644211e-01
 722  1.4931015273214099e-01
 938  1.5081948983353743e-01
 504  1.5147770671304128e-01
 604  1.5198606336773204e-01
 378  1.5666409196360795e-01
1383  1.5934344811901086e-01
1090  1.6094668297572454e-01
 593  1.6654331442406986e-01
 844  1.6708012540282935e-01
 556  1.6994637159463924e-01
 870  1.7272982360949396e-01
1473  1.7515796486034158e-01
 362  1.7874639841962248e-01
1388  1.8450354461053567e-01
1039  1.8858917353147062e-01
 977  1.8948229226818467e-01
 333  1.9203727817488808e-01
 906  1.9323602447123597e-01
 360  1.9407350473464108e-01
 979  1.9653842982459988e-01
1033  1.9821478691539157e-01
 512  2.0262975983388826e-01
1060  2.0356257488838900e-01
 937  2.0755335775777051e-01
 897  2.0776975734895403e-01
 536  2.1246278584489647e-01
1321  2.1393687621596041e-01
 335  2.1571357930201773e-01
1327  2.1934644803831940e-01
1035  2.2073188444988193e-01
 598  2.2439934532882538e-01
 883  2.2522088087190292e-01
 869  2.2815861575719976e-01
1345  2.2819259805811776e-01
 952  2.3541567464130947e-01
 955  2.3865507710267267e-01
 363  2.4575560104365576e-01
 479  2.4624739559802217e-01
1089  2.4975038053505194e-01
 698  2.5581642727056536e-01
 954  2.5662296761605224e-01
1382  2.6083185439121020e-01
1475  2.6292569409535277e-01
 665  2.6305656748289541e-01
 916  2.6478411434213311e-01
1323  2.6640728645886735e-01
 577  2.6719951922756535e-01
 696  2.7303340720332903e-01
 673  2.7435874247473174e-01
1058  2.7986997593996665e-01
 506  2.8387014134524696e-01
 958  2.9149715208046395e-01
 926  2.9835183315477054e-01
1040  2.9928975625161836e-01
 351  3.0054407923781246e-01
1377  3.0086756966326555e-01
1296  3.0247660364301493e-01
 683  3.0411645325154119e-01
 903  3.0702731329821026e-01
1292  3.0867309418522798e-01
 841  3.0902437456360293e-01
 699  3.1046691232776658e-01
1044  3.1097137902420913e-01
 898  3.1161701536887110e-01
 570  3.1181568375523944e-01
 868  3.1858532792694710e-01
 597  3.2003470994438560e-01
 533  3.2304059829608278e-01
 501  3.3514539967904278e-01
1332  3.3658778930271649e-01
 373  3.3735921118351203e-01
 498  3.4398573653624726e-01
1328  3.4421492621135463e-01
 674  3.4673913715367372e-01
 925  3.4969179630047059e-01
 375  3.5028429252088805e-01
1045  3.6061090349927916e-01
 568  3.6308589633446359e-01
 545  3.7476189405696775e-01
 910  3.7948470569792658e-01
 682  3.9499850223783606e-01
 303  3.9806554224330964e-01
 546  3.9821480207737303e-01
1057  3.9904275689066393e-01
1760  4.0808227202817826e-01
 571  4.0940964388689077e-01
1334  4.1108060402925961e-01
 547  4.1155463194738040e-01
1301  4.1310038222000722e-01
 255  4.1628075930755670e-01
 889  4.1706504454313231e-01
 924  4.2603666623444825e-01
1289  4.2764676129185819e-01
 447  4.2768642579467137e-01
1379  4.3288205422719400e-01
 372  4.3613743845822334e-01
 639  4.3722191035122437e-01
 356  4.3853996392220140e-01
 359  4.4801993177580696e-01
 675  4.5519585403640161e-01
 704  4.5878782655271283e-01
1600  4.6030689058825597e-01
 896  4.6213668620982201e-01
 672  4.6989669533448059e-01
 503  4.7053912608510789e-01
 855  4.8337878347360685e-01
1295  4.9640327170845894e-01
 909  4.9890779543404828e-01
1038  5.0309990424658024e-01
 721  5.0387710001547126e-01
 679  5.0888238313580236e-01
 357  5.0983790238941296e-01
 815  5.1144858024320927e-01
1300  5.1412673939726372e-01
1152  5.2554878717423015e-01
 978  5.2698379859513378e-01
 951  5.3042695677223595e-01
 949  5.3150807364228270e-01
 692  5.3967735318505194e-01
 555  5.4195296058793208e-01
1326  5.4256888893110544e-01
 254  5.4458672814901521e-01
 497  5.4602919893830126e-01
 695  5.5661939553983575e-01
 948  5.6368202728562600e-01
 899  5.6527281468922186e-01
 332  5.6798414523041318e-01
1032  5.7224147768384781e-01
 544  5.8967994686916148e-01
 843  5.9171808668508474e-01
 693  5.9741976455752011e-01
1344  5.9927539656908335e-01
 564  6.0025020441053634e-01
 720  6.0383432560288697e-01
1320  6.0656872315599741e-01
 592  6.0800449683269375e-01
 892  6.1114493241197410e-01
1472  6.2146157629843124e-01
 576  6.2597203219444164e-01
 814  6.3234574466612103e-01
 842  6.3443294919599480e-01
 976  6.4151039000050780e-01
 554  6.4223567628653144e-01
 567  6.4444029618702070e-01
 840  6.4966059900733586e-01
 478  6.6566210976603213e-01
1474  6.6692734196449666e-01
1088  6.6948551582730953e-01
 935  6.7127088281193559e-01
 882  6.7178097584674146e-01
 350  6.7688020487156708e-01
 534  6.7704424787592021e-01
 532  6.7863569773068722e-01
 334  6.8078402278075245e-01
 490  6.8473594725569575e-01
1034  6.8674884870825803e-01
 565  6.9658521120976769e-01
1037  6.9913389911231516e-01
 374  6.9957280192523452e-01
 867  7.1658166176068361e-01
 895  7.2766442168596790e-01
 664  7.2900685234566598e-01
1325  7.3620081661405001e-01
1322  7.3789103861853900e-01
 551  7.4030230714109191e-01
 491  7.4066049357105579e-01
 902  7.4123635144992295e-01
1293  7.4235674768147419e-01
 495  7.4250246994768632e-01
 329  7.5300242632637826e-01
1029  7.5495328233902625e-01
 358  7.5711298484664324e-01
 596  7.5716380162999875e-01
 130  7.6024000893405086e-01
1376  7.6676347027488034e-01
1317  7.6980446070618336e-01
 881  7.7056652428982675e-01
 668  7.7114623220603584e-01
1290  7.7679646769647448e-01
1288  7.7897396381799000e-01
 477  7.8376881667814113e-01
 671  7.8937553369621194e-01
 500  7.9952196365374750e-01
 866  8.0176172068275942e-01
1056  8.0719700048251231e-01
 661  8.0982230383088927e-01
1294  8.1105427433829880e-01
1378  8.1127910141265358e-01
 371  8.1849798218829550e-01
 349  8.2187117008331234e-01
 302  8.2242599402093208e-01
 950  8.2305215154194122e-01
 923  8.2699866548259715e-01
 446  8.2992362060584779e-01
1028  8.3171431303637611e-01
 893  8.3260561360940577e-01
 694  8.3303431507371239e-01
 502  8.3450639228180723e-01
 888  8.3947423008539446e-01
 323  8.4145106818999438e-01
 496  8.4578220174626673e-01
1311  8.4960220738531744e-01
 875  8.5421888097450227e-01
 833  8.5464490088271283e-01
 475  8.5685859323419489e-01
 543  8.5725017266690073e-01
 865  8.5827523083142720e-01
 328  8.5882688724518297e-01
 837  8.5923971609027883e-01
 669  8.5948021346511572e-01
 638  8.6148018656187775e-01
 529  8.6805670836397908e-01
 528  8.6924109005766848e-01
 922  8.7048132700288194e-01
 354  8.7315909475781439e-01
1031  8.7329960650534855e-01
 331  8.7526071701085562e-01
 370  8.7715891464238271e-01
 655  8.8060250169555543e-01
 253  8.8150326453146910e-01
 836  8.8181009415324452e-01
 908  8.8239634153406510e-01
 566  8.8290463428557830e-01
 347  8.8534000753125275e-01
 839  8.8736432401199905e-01
 854  8.9236174646095767e-01
 301  8.9287259174010358e-01
 678  8.9833098270195855e-01
1319  8.9945721994106287e-01
 445  9.0462637279137825e-01
 670  9.0637147275157215e-01
 531  9.0657786004539287e-01
 637  9.0724759163225877e-01
 885  9.0776090684421096e-01
 894  9.0831289893718903e-01
 540  9.0876810872122138e-01
 315  9.0941983921176694e-01
 355  9.1214403215373252e-01
 471  9.1385451578275989e-01
1285  9.1568176089360709e-01
 919  9.1695616847809558e-01
 353  9.1850313007390916e-01
 690  9.1958753931492399e-01
1036  9.2298444983629058e-01
 525  9.2302614289441887e-01
 813  9.2353776625073081e-01
 367  9.2406514431213904e-01
 947  9.2407274835241426e-01
 252  9.2768474826899705e-01
 251  9.2829637844296287e-01
 541  9.3025669700474911e-01
 946  9.3042799039296364e-01
 853  9.3176504759102774e-01
 343  9.3268523020931215e-01
 299  9.3463321667639865e-01
 494  9.3645861257657714e-01
1324  9.3669507501482085e-01
 562  9.4143735211581758e-01
 322  9.4192741099399513e-01
 443  9.4228536069345536e-01
 636  9.4328739154534025e-01
 890  9.4460680619589699e-01
 691  9.4507762530320183e-01
 542  9.4598671943602997e-01
1284  9.4914759045123842e-01
1287  9.4934601738875068e-01
 864  9.5066283002465979e-01
 687  9.5109733630389359e-01
 463  9.5224455512602257e-01
 812  9.5472917596127327e-01
 811  9.5550970535749635e-01
 519  9.5697973274116976e-01
 945  9.5769053905080970e-01
 250  9.5886630930780270e-01
 852  9.5988022028119513e-01
 247  9.6022521932772320e-01
 295  9.6327104851401335e-01
 488  9.6510697737891360e-01
 559  9.6637399609023134e-01
 439  9.6778983012464725e-01
 633  9.6879115438061658e-01
 563  9.7085475509522889e-01
 348  9.7407353405231856e-01
 476  9.7479390062795512e-01
 810  9.7506428073965834e-01
 550  9.7559592152111230e-01
 807  9.7601399624721419e-01
1291  9.7748841522750518e-01
 880  9.7843741107898374e-01
 246  9.7852318182888953e-01
 128  9.7946358193675120e-01
 239  9.7948979838183903e-01
 838  9.7994551178340217e-01
 485  9.8017972878971238e-01
 489  9.8018637636294081e-01
 879  9.8135603942196381e-01
1315  9.8177316697617745e-01
 666  9.8205251489969025e-01
 271  9.8231361441471388e-01
 431  9.8322643697150880e-01
1027  9.8388548561566858e-01
1030  9.8432154011055051e-01
 493  9.8464133459565673e-01
 330  9.8523486713922037e-01
 530  9.8570840753671041e-01
 806  9.8726973762687109e-01
 660  9.8764527050706330e-01
 799  9.8783756925394639e-01
 887  9.8784306781674958e-01
 346  9.8793643958929223e-01
 125  9.8839320552941468e-01
 474  9.8858254262991996e-01
 484  9.8925367372332040e-01
 487  9.8939207983977395e-01
 238  9.8973038093877308e-01
1318  9.8995661973188609e-01
 223  9.9018025172342639e-01
1026  9.9096713673332049e-01
 832  9.9144838494489707e-01
 891  9.9151393074597605e-01
 415  9.9164272436117051e-01
1310  9.9225354466434190e-01
 327  9.9252132811517779e-01
 874  9.9282520129820329e-01
 827  9.9287646366807925e-01
 798  9.9383447689414328e-01
1286  9.9402379873393165e-01
 123  9.9402980598769841e-01
 300  9.9442840528373078e-01
 667  9.9444234701616707e-01
 444  9.9445511729196678e-01
 326  9.9456697865284227e-01
 526  9.9459410095111989e-01
 663  9.9474927874731844e-01
 321  9.9481393839156518e-01
 835  9.9502681485051425e-01
 342  9.9504901282802027e-01
1025  9.9513292505799167e-01
 654  9.9520828913589365e-01
 222  9.9540494057167905e-01
 191  9.9546072936798757e-01
 834  9.9551560962965191e-01
 470  9.9563885241884842e-01
1309  9.9583617683222447e-01
 473  9.9614489579387777e-01
 873  9.9621809620613122e-01
 524  9.9631643050590468e-01
 829  9.9631849026988228e-01
 767  9.9674788966159455e-01
 325  9.9712711856462777e-01
 884  9.9719560794876605e-01
 314  9.9720879307850452e-01
 122  9.9722808823132469e-01
 538  9.9729255348187840e-01
 527  9.9736062258524583e-01
 653  9.9751067971080121e-01
 345  9.9752013390879624e-01
 918  9.9768538854200262e-01
 287  9.9770190420221094e-01
 352  9.9781167417817329e-01
 442  9.9786070820966100e-01
 190  9.9791221922025586e-01
 298  9.9794223803064364e-01
 863  9.9798291683669182e-01
 366  9.9806504927309869e-01
 635  9.9808156135453885e-01
1283  9.9843374329157453e-01
 462  9.9851232045412941e-01
 537  9.9860337843273317e-01
 313  9.9860400941240246e-01
 469  9.9870359572143208e-01
 111  9.9874753499186408e-01
 539  9.9881983363271598e-01
 249  9.9897150484790453e-01
 492  9.9898197190196980e-01
 634  9.9899698003376702e-01
 851  9.9902634967070247e-01
 319  9.9904274239888780e-01
 320  9.9904448659400102e-01
 826  9.9905162347865073e-01
 521  9.9907331194583493e-01
1282  9.9918939075068081e-01
 686  9.9919047891291857e-01
 341  9.9920899318198098e-01
 438  9.9927722800705010e-01
 861  9.9928881126203595e-01
 297  9.9928942141325461e-01
 309  9.9932594723160306e-01
 294  9.9935849347858330e-01
 862  9.9936537214421739e-01
 467  9.9939919300158431e-01
 517  9.9941812709676914e-01
 943  9.9941999069731513e-01
 441  9.9944456940345039e-01
  95  9.9944739175675890e-01
 248  9.9948271426026136e-01
 850  9.9950376678288078e-01
 878  9.9955288081260663e-01
1281  9.9958822403113134e-01
 558  9.9959832799885662e-01
 318  9.9960337919152875e-01
 809  9.9962679777709718e-01
 339  9.9963072324516999e-01
 461  9.9963691635122143e-01
 632  9.9966438286437742e-01
 515  9.9970856006330922e-01
 886  9.9971278585587930e-01
 631  9.9973054597005240e-01
 245  9.9973176344715386e-01
  64  9.9973699386745851e-01
 849  9.9975033945895275e-01
 430  9.9976612422872113e-01
 293  9.9979686533817236e-01
 808  9.9981247720674171e-01
 831  9.9983393955647604e-01
 437  9.9984307083655000e-01
 860  9.9984504238091032e-01
 459  9.9984528596502897e-01
 630  9.9985646678261375e-01
 511  9.9986648453847571e-01
 244  9.9986778855958869e-01
 243  9.9989356388956163e-01
 270  9.9989453088888902e-01
 312  9.9989637721802382e-01
 805  9.9990602056498989e-01
 523  9.9990808502558859e-01
 414  9.9991759932630897e-01
 291  9.9991894795007963e-01
 623  9.9991964529902799e-01
 455  9.9992503759197027e-01
 483  9.9992927222651318e-01
 435  9.9993587360931069e-01
 877  9.9994066294357431e-01
 237  9.9994274316785958e-01
 242  9.9994284630260299e-01
 124  9.9994657762263328e-01
 804  9.9995109569183682e-01
 486  9.9995484668809020e-01
 269  9.9995735842016631e-01
 429  9.9995953536929039e-01
 803  9.9996012716868710e-01
 482  9.9996174120951453e-01
 344  9.9996233997337580e-01
 286  9.9996267157094221e-01
 662  9.9996387597434222e-01
 236  9.9996966731455650e-01
 472  9.9997086543103719e-01
 797  9.9997564245816906e-01
 801  9.9997713660250709e-01
 481  9.9997764578429893e-01
 235  9.9997765069652766e-01
 267  9.9998117375231588e-01
 427  9.9998170740444925e-01
1024  9.9998423900621081e-01
 796  9.9998430481718992e-01
 221  9.9998517984986213e-01
 233  9.9998568584651681e-01
 413  9.9998573307652983e-01
1308  9.9998633990068686e-01
 231  9.9998661166303693e-01
 825  9.9998661796417632e-01
 795  9.9998684727619247e-01
 263  9.9998695612288924e-01
 423  9.9998741184474227e-01
 340  9.9998750469782005e-01
 828  9.9998772405353242e-01
 766  9.9998860918880339e-01
 220  9.9998899978840916e-01
 871  9.9998900050734674e-01
 794  9.9998918078201116e-01
 468  9.9998919863246694e-01
 230  9.9998924253192245e-01
 324  9.9998941164320532e-01
 791  9.9998967736343425e-01
 819  9.9999004950023818e-01
 652  9.9999010148954393e-01
 121  9.9999023959393918e-01
 411  9.9999034670693010e-01
 338  9.9999044036559703e-01
 219  9.9999054744405269e-01
 790  9.9999096528130260e-01
 218  9.9999096971394197e-01
 189  9.9999123355103992e-01
 466  9.9999126345125722e-01
 823  9.9999126863824983e-01
 407  9.9999131591469681e-01
 120  9.9999131630515814e-01
 765  9.9999144311314958e-01
 522  9.9999144590526456e-01
 440  9.9999147482400208e-01
 215  9.9999151353852600e-01
 830  9.9999153243798322e-01
 296  9.9999169169166624e-01
 188  9.9999172966356986e-01
 400  9.9999175817919395e-01
 110  9.9999177616513912e-01
 214  9.9999179615035838e-01
 535  9.9999181540309212e-01
 207  9.9999183457761542e-01
 119  9.9999183506191658e-01
 460  9.9999184238945205e-01
 764  9.9999187202778006e-01
 520  9.9999189328948412e-01
 285  9.9999191873501969e-01
 187  9.9999197810793483e-01
 760  9.9999201443569385e-01
 186  9.9999202810957666e-01
 206  9.9999202841305224e-01
 308  9.9999203279381499e-01
 117  9.9999204846948442e-01
 824  9.9999205987671191e-01
 458  9.9999207447323835e-01
 183  9.9999207694397529e-01
  94  9.9999208640292137e-01
 436  9.9999210094901159e-01
 115  9.9999211082637263e-01
 283  9.9999211095429952e-01
 182  9.9999211441464531e-01
1280  9.9999211821086520e-01
 175  9.9999212645433688e-01
 317  9.9999212975986651e-01
 821  9.9999213319804903e-01
 876  9.9999213348874649e-01
 292  9.9999213540633758e-01
 454  9.9999213913923890e-01
 109  9.9999214147787452e-01
 280  9.9999214335524145e-01
 160  9.9999214996713193e-01
 169  9.9999215164534672e-01
 857  9.9999215220226645e-01
 434  9.9999215289949817e-01
 306  9.9999215400360575e-01
 859  9.9999215627057847e-01
 465  9.9999215969747202e-01
 316  9.9999215987914303e-01
 153  9.9999216496348775e-01
 107  9.9999216748632458e-01
 428  9.9999216760898946e-01
 513  9.9999216777445943e-01
 510  9.9999216820644299e-01
 337  9.9999216857373474e-01
 847  9.9999216915239553e-01
  93  9.9999216985090744e-01
 103  9.9999217037892452e-01
 629  9.9999217203864044e-01
 858  9.9999217228565329e-01
 426  9.9999217231577731e-01
 290  9.9999217242121408e-01
 622  9.9999217243501892e-01
 289  9.9999217254494444e-01
  62  9.9999217262097106e-01
 311  9.9999217304124466e-01
  91  9.9999217318829747e-01
 628  9.9999217321550105e-01
 310  9.9999217345592473e-01
 509  9.9999217347299718e-01
 422  9.9999217353366221e-01
 412  9.9999217358581205e-01
  61  9.9999217365226922e-01
  79  9.9999217372187965e-01
  87  9.9999217372475424e-01
 268  9.9999217384460248e-01
 457  9.9999217384793604e-01
 802  9.9999217390125827e-01
  60  9.9999217400138174e-01
 410  9.9999217402352292e-01
  56  9.9999217409449437e-01
 241  9.9999217413143726e-01
 621  9.9999217414314756e-01
  48  9.9999217414759278e-01
 284  9.9999217414792163e-01
 800  9.9999217416354103e-01
 453  9.9999217416515707e-01
 234  9.9999217417021291e-01
 480  9.9999217417113728e-01
 208  9.9999217417267872e-01
 209  9.9999217417267872e-01
 212  9.9999217417281938e-01
 210  9.9999217417343533e-01
 211  9.9999217417343589e-01
 213  9.9999217417345132e-01
 131  9.9999217417697450e-01
 135  9.9999217417697461e-01
 132  9.9999217417697472e-01
 133  9.9999217417697472e-01
 134  9.9999217417697472e-01
 147  9.9999217417714426e-01
 146  9.9999217417714448e-01
 143  9.9999217417714803e-01
 140  9.9999217417714814e-01
 141  9.9999217417714814e-01
 142  9.9999217417714814e-01
 144  9.9999217417714936e-01
 145  9.9999217417714936e-01
 136  9.9999217417714947e-01
 137  9.9999217417714947e-01
 138  9.9999217417714947e-01
 139  9.9999217417714947e-01
 148  9.9999217417716224e-01
 149  9.9999217417716224e-01
 151  9.9999217417716268e-01
 152  9.9999217417716268e-01
 150  9.9999217417716324e-01
 307  9.9999217418171937e-01
 266  9.9999217418189246e-01
 217  9.9999217418646236e-01
 216  9.9999217418647457e-01
 195  9.9999217418868502e-01
 193  9.9999217418868513e-01
 194  9.9999217418868513e-01
 192  9.9999217418868525e-01
 200  9.9999217418917874e-01
 201  9.9999217418917885e-01
 197  9.9999217418973707e-01
 196  9.9999217418973718e-01
 199  9.9999217418973874e-01
 198  9.9999217418973885e-01
 202  9.9999217418978359e-01
 203  9.9999217418978481e-01
 204  9.9999217418979836e-01
 205  9.9999217418985509e-01
  37  9.9999217419571740e-01
 162  9.9999217419772912e-01
 163  9.9999217419772912e-01
 161  9.9999217419772979e-01
 166  9.9999217419773012e-01
 164  9.9999217419773045e-01
 165  9.9999217419773045e-01
 167  9.9999217419773101e-01
 168  9.9999217419773168e-01
 433  9.9999217419778941e-01
 762  9.9999217419968978e-01
 761  9.9999217419976327e-01
 763  9.9999217419977715e-01
 755  9.9999217420214082e-01
 754  9.9999217420214104e-01
 758  9.9999217420214104e-01
 759  9.9999217420214193e-01
 757  9.9999217420214404e-01
 756  9.9999217420214914e-01
 753  9.9999217420215181e-01
 405  9.9999217420292330e-01
 240  9.9999217420382180e-01
 425  9.9999217420526265e-01
 424  9.9999217420556619e-01
 417  9.9999217420937137e-01
 416  9.9999217420937159e-01
 419  9.9999217420967990e-01
 420  9.9999217420968300e-01
 418  9.9999217420968944e-01
 421  9.9999217420978959e-01
 383  9.9999217421016495e-01
 393  9.9999217421217290e-01
 404  9.9999217421369802e-01
 401  9.9999217421374798e-01
 403  9.9999217421374798e-01
 402  9.9999217421374853e-01
 451  9.9999217421451181e-01
 126  9.9999217421645081e-01
 127  9.9999217421645092e-01
 129  9.9999217421645237e-01
 385  9.9999217421757958e-01
 386  9.9999217421758080e-01
 387  9.9999217421758080e-01
 388  9.9999217421758779e-01
 389  9.9999217421758779e-01
 392  9.9999217421758857e-01
 391  9.9999217421758868e-01
 390  9.9999217421758890e-01
 232  9.9999217421854958e-01
 184  9.9999217422029407e-01
 409  9.9999217422031794e-01
 408  9.9999217422032127e-01
 185  9.9999217422032705e-01
 751  9.9999217422081554e-01
 158  9.9999217422092723e-01
 154  9.9999217422092779e-01
 155  9.9999217422092779e-01
 157  9.9999217422092790e-01
 156  9.9999217422092845e-01
 159  9.9999217422092845e-01
 180  9.9999217422199116e-01
 176  9.9999217422206921e-01
 177  9.9999217422206921e-01
 179  9.9999217422214681e-01
 178  9.9999217422214826e-01
 181  9.9999217422214881e-01
 281  9.9999217422280473e-01
 277  9.9999217422510434e-01
 272  9.9999217422683073e-01
 273  9.9999217422683073e-01
 274  9.9999217422683107e-01
 275  9.9999217422683151e-01
 276  9.9999217422683995e-01
 171  9.9999217422689846e-01
 170  9.9999217422689879e-01
 174  9.9999217422695019e-01
 172  9.9999217422695064e-01
 173  9.9999217422695108e-01
 278  9.9999217422713804e-01
 279  9.9999217422714026e-01
 282  9.9999217422716213e-01
 432  9.9999217422735254e-01
 452  9.9999217422857734e-01
 448  9.9999217422879905e-01
 449  9.9999217422880016e-01
 304  9.9999217422881148e-01
 305  9.9999217422881348e-01
 450  9.9999217422906883e-01
 856  9.9999217423035214e-01
 406  9.9999217423262743e-01
 116  9.9999217423296249e-01
 262  9.9999217423417364e-01
 620  9.9999217423464482e-01
 793  9.9999217423476938e-01
 792  9.9999217423485520e-01
 396  9.9999217423498776e-01
 397  9.9999217423499032e-01
 399  9.9999217423499298e-01
 398  9.9999217423499309e-01
 395  9.9999217423500086e-01
 394  9.9999217423500109e-01
 456  9.9999217423520703e-01
 785  9.9999217423556719e-01
 784  9.9999217423556808e-01
 788  9.9999217423608577e-01
 508  9.9999217423636066e-01
 818  9.9999217423644393e-01
 228  9.9999217423670872e-01
 787  9.9999217423712627e-01
 786  9.9999217423712861e-01
 820  9.9999217423717757e-01
 789  9.9999217423725084e-01
 225  9.9999217423758213e-01
 224  9.9999217423758513e-01
 817  9.9999217423766340e-01
 288  9.9999217423767750e-01
 816  9.9999217423768250e-01
 229  9.9999217423807141e-01
 227  9.9999217423836406e-01
 226  9.9999217423836428e-01
 336  9.9999217424021014e-01
 464  9.9999217424051623e-01
 822  9.9999217424110443e-01
 118  9.9999217424140618e-01
  57  9.9999217424249909e-01
  58  9.9999217424250564e-01
  59  9.9999217424250875e-01
  63  9.9999217424251208e-01
 105  9.9999217424287989e-01
 104  9.9999217424288167e-01
 265  9.9999217424289244e-01
 108  9.9999217424289333e-01
 106  9.9999217424292597e-01
  68  9.9999217424313280e-01
  69  9.9999217424313280e-01
  70  9.9999217424313280e-01
  71  9.9999217424313280e-01
  65  9.9999217424313414e-01
  66  9.9999217424313414e-01
  67  9.9999217424313414e-01
 264  9.9999217424326747e-01
 261  9.9999217424329301e-01
 256  9.9999217424331444e-01
 257  9.9999217424331444e-01
 259  9.9999217424331999e-01
 260  9.9999217424335207e-01
 258  9.9999217424335896e-01
  88  9.9999217424347386e-01
  89  9.9999217424347675e-01
  80  9.9999217424350606e-01
  81  9.9999217424350606e-01
  83  9.9999217424350606e-01
  82  9.9999217424350617e-01
  92  9.9999217424352471e-01
  90  9.9999217424358255e-01
  85  9.9999217424359155e-01
  86  9.9999217424359221e-01
  84  9.9999217424359299e-01
  39  9.9999217424370357e-01
  38  9.9999217424370368e-01
  77  9.9999217424376274e-01
  76  9.9999217424376297e-01
  78  9.9999217424376297e-01
  75  9.9999217424377629e-01
  74  9.9999217424377640e-01
  72  9.9999217424377740e-01
  73  9.9999217424377740e-01
  50  9.9999217424387821e-01
  51  9.9999217424387821e-01
  49  9.9999217424387865e-01
  40  9.9999217424394193e-01
  41  9.9999217424394193e-01
  42  9.9999217424394193e-01
  43  9.9999217424394193e-01
  46  9.9999217424394238e-01
  47  9.9999217424394249e-01
  44  9.9999217424394260e-01
  45  9.9999217424394260e-01
  52  9.9999217424400810e-01
  53  9.9999217424400810e-01
  55  9.9999217424400877e-01
  54  9.9999217424400899e-01
   8  9.9999217424413844e-01
   9  9.9999217424413844e-01
  10  9.9999217424413844e-01
  11  9.9999217424413844e-01
  12  9.9999217424413844e-01
  13  9.9999217424413844e-01
  14  9.9999217424413844e-01
  15  9.9999217424413844e-01
   4  9.9999217424414200e-01
   5  9.9999217424414200e-01
   6  9.9999217424414200e-01
   7  9.9999217424414200e-01
   0  9.9999217424414222e-01
   1  9.9999217424414222e-01
   2  9.9999217424414222e-01
   3  9.9999217424414222e-01
  99  9.9999217424418729e-01
  98  9.9999217424418740e-01
 100  9.9999217424419107e-01
 101  9.9999217424419107e-01
 102  9.9999217424419162e-01
  96  9.9999217424419329e-01
  97  9.9999217424419329e-01
 112  9.9999217424427445e-01
 113  9.9999217424427456e-01
 114  9.9999217424427722e-01
  35  9.9999217424478037e-01
  24  9.9999217424478060e-01
  25  9.9999217424478060e-01
  26  9.9999217424478060e-01
  27  9.9999217424478060e-01
  30  9.9999217424478060e-01
  31  9.9999217424478060e-01
  36  9.9999217424478071e-01
  32  9.9999217424478082e-01
  33  9.9999217424478082e-01
  28  9.9999217424478104e-01
  29  9.9999217424478104e-01
  34  9.9999217424478115e-01
  16  9.9999217424479170e-01
  17  9.9999217424479170e-01
  18  9.9999217424479170e-01
  19  9.9999217424479170e-01
  20  9.9999217424479259e-01
  21  9.9999217424479259e-01
  22  9.9999217424479259e-01
  23  9.9999217424479259e-01
