0 1 0 0 0 0 1 0 0 1 0 0 0 1 0 0 0 0 1 0 1 0 1 0 1 0 1 0 1 0 1 0 1 0 1 0 1 0 1 0 1 0 1 0 1 0 1 0 0 1 0 0 1 0 0 1 0 0 1 0 1 0 0 
0 0 1 0 0 1 0 0 1 0 1 0 1 0 1 0 1 0 1 0 1 0 1 0 0 1 0 1 0 1 0 
0 1 0 0 1 0 1 0 1 0 1 0 0 1 0 
0 0 1 0 1 0 0 
0 1 0 
0 
 127  6.0393819690187277e-12
 126  1.7355171372513311e-07
 125  1.7651151106489909e-07
 123  3.1212466837175176e-07
 122  7.1100734010809961e-07
 115  8.1421866743179752e-07
  95  4.2699095099075425e-06
  94  2.5773887752186130e-05
 121  1.0942553513466292e-04
 124  1.4083578866344137e-04
 119  1.5812669064081369e-04
 120  2.1255888861133659e-04
 118  2.4725914473716127e-04
 114  3.4993252002002288e-04
 113  3.8909657905126312e-04
 112  4.7236628559020193e-04
 107  5.2080879978187407e-04
  93  1.0896498602926612e-03
 106  1.2297351157789670e-03
  91  1.6186754289005906e-03
  92  2.0089206337369010e-03
  90  2.6381456874369396e-03
  87  2.6525926018059484e-03
  86  4.6850537454938184e-03
  79  6.6293349565688846e-03
 117  8.7610810573013273e-03
 116  1.0900935521855459e-02
  78  1.2118150445433219e-02
 111  1.4855099376785303e-02
 110  1.6501518002719116e-02
 109  2.1104708175807844e-02
  63  2.4237666349114142e-02
 105  2.5450456098342487e-02
  62  3.8905672436132153e-02
 103  3.9323626322636682e-02
 104  3.9982604949530758e-02
  89  4.1683006448197966e-02
  85  6.5831708936612290e-02
  88  6.6581011464728238e-02
 101  6.8121805373630717e-02
  83  9.9410025788567918e-02
  84  1.0176921108060567e-01
 100  1.0200718143797471e-01
  77  1.2409242233264645e-01
  82  1.5029674758418685e-01
  31  1.6631696455314268e-01
  76  1.8239739136206748e-01
  75  1.8337720030822477e-01
 108  2.1583070887111958e-01
  61  2.4864579178672722e-01
  74  2.6083361769589486e-01
  71  2.8757309196261172e-01
 102  3.0501612538820211e-01
  60  3.3946987109295973e-01
  59  3.4319402797350068e-01
  70  3.8719491146018720e-01
  99  4.1847950795801631e-01
  58  4.4871388654896932e-01
  55  4.7637788187583391e-01
  81  5.0512396475633980e-01
  98  5.1819316317498998e-01
  54  5.8872825638267434e-01
  30  6.1260565289550972e-01
  80  6.1377850969607228e-01
  97  6.1607187286313947e-01
  47  6.2574874785500723e-01
  73  6.6084709128530683e-01
  29  7.0514614024981925e-01
  46  7.2977950961633509e-01
  72  7.5351543237560059e-01
  69  7.8186617298020977e-01
  28  7.9017707374912471e-01
  57  8.2704625885637639e-01
  68  8.5176403431476455e-01
  67  8.5601987216737696e-01
  25  8.7039079115174023e-01
  56  8.8563661324961096e-01
  53  9.0595354267430683e-01
  66  9.0789645545647002e-01
  20  9.2686119733782435e-01
  52  9.4177504386248634e-01
  51  9.4383149227599261e-01
  96  9.4499196397231855e-01
  45  9.5892378333907258e-01
  50  9.6700228709571279e-01
  27  9.7509543921110242e-01
  44  9.7623834655663289e-01
  43  9.7705962073352315e-01
  26  9.8564508263511574e-01
  42  9.8731110400892497e-01
  39  9.8798687593595158e-01
  38  9.9360065391157959e-01
  24  9.9424755737648685e-01
  23  9.9457908543736129e-01
  65  9.9508633040956085e-01
  21  9.9719099951328816e-01
  64  9.9735295439959104e-01
  18  9.9821691905844157e-01
  17  9.9911658405765069e-01
  15  9.9924522484650891e-01
  49  9.9935369972512667e-01
  14  9.9962321396391052e-01
  48  9.9966969402688588e-01
   7  9.9982903256784617e-01
  41  9.9991047228231789e-01
  40  9.9995613823866181e-01
  37  9.9997973334415879e-01
  22  9.9998997360281350e-01
  36  9.9999014867701375e-01
  35  9.9999200047100800e-01
  33  9.9999628634659210e-01
  19  9.9999897900844903e-01
  16  9.9999958303740510e-01
  13  9.9999982783521124e-01
   6  9.9999983653385460e-01
  12  9.9999983853304453e-01
  11  9.9999984277440912e-01
   9  9.9999984461836988e-01
   5  9.9999984593003410e-01
   4  9.9999984622931970e-01
  34  9.9999984645334317e-01
  32  9.9999984646561646e-01
   8  9.9999984647103279e-01
  10  9.9999984647251416e-01
   0  9.9999984647336870e-01
   1  9.9999984647336893e-01
   2  9.9999984647348605e-01
   3  9.9999984647348905e-01
