0 0 0 0 0 0 0 2 0 0 0 0 0 0 0 1 0 0 0 0 0 0 0 0 0 0 0 0 0 0 2 0 0 0 0 0 0 0 2 0 0 0 2 0 1 0 2 0 0 0 0 0 2 0 2 0 0 0 2 0 0 2 0 0 0 0 0 2 0 0 1 0 2 0 2 0 2 0 1 0 2 0 2 0 1 0 1 0 2 0 1 0 1 0 0 1 0 0 0 2 0 0 2 0 0 0 0 0 1 0 2 0 1 0 2 0 2 0 2 0 0 2 0 2 0 2 0 2 0 2 0 1 0 0 2 0 2 0 0 2 0 2 0 2 0 2 0 2 0 0 2 0 1 0 0 0 0 2 0 2 0 2 0 1 0 2 0 2 0 2 0 1 0 2 0 2 0 2 0 2 0 2 0 2 0 2 0 0 0 0 2 0 0 0 1 0 2 0 2 0 1 0 2 0 2 0 1 0 2 0 0 2 0 2 0 0 1 0 2 0 1 0 2 0 0 2 0 2 0 2 0 2 0 1 0 2 0 2 0 2 0 2 0 1 0 2 0 2 0 2 0 2 0 1 0 2 0 1 0 2 0 0 2 0 2 0 2 0 2 0 2 0 1 0 2 0 1 0 2 0 2 0 2 0 2 0 1 0 1 0 2 0 2 0 2 0 1 0 0 2 0 2 0 2 0 0 2 0 1 0 2 0 0 0 2 0 1 0 2 0 2 0 0 2 0 0 2 0 2 0 1 0 2 0 2 0 2 0 2 0 1 0 1 0 2 0 1 0 2 0 1 0 2 0 0 2 0 2 0 0 2 0 0 2 0 0 1 0 0 0 2 0 0 0 1 0 1 0 2 0 2 0 0 2 0 0 1 0 0 2 0 0 0 2 0 2 0 2 0 2 0 2 0 2 0 2 0 2 0 2 0 2 0 2 0 2 0 2 0 2 0 0 1 0 2 0 1 0 2 0 2 0 1 0 1 0 1 0 0 2 0 2 0 2 0 1 0 2 0 2 0 2 0 2 0 0 1 0 1 0 2 0 2 0 2 0 2 0 2 0 2 0 1 0 2 0 2 0 0 0 1 0 1 0 2 0 2 0 2 0 2 0 2 0 0 0 2 0 2 0 1 0 1 0 0 0 2 0 2 0 0 0 1 0 1 0 2 0 2 0 1 0 2 0 1 0 2 0 2 0 2 0 2 0 1 0 1 0 2 0 1 0 2 0 1 0 2 0 1 0 2 0 1 0 2 0 1 0 2 0 2 0 0 2 0 0 1 0 0 0 2 0 1 0 1 0 0 0 0 0 2 0 0 0 1 0 2 0 1 0 0 0 0 0 0 0 0 0 2 0 1 0 1 0 1 0 0 0 0 0 0 0 0 0 0 0 1 0 2 0 0 0 0 0 2 0 0 0 0 0 0 0 0 0 0 0 0 0 1 0 0 0 1 0 0 2 0 0 1 0 1 0 1 0 0 2 0 0 2 0 1 0 2 0 2 0 0 2 0 0 2 0 2 0 0 2 0 0 2 0 0 0 2 0 0 0 2 0 2 0 0 2 0 0 2 0 0 2 0 0 1 0 0 2 0 2 0 0 2 0 2 0 1 0 1 0 1 0 2 0 0 0 0 0 2 0 2 0 0 0 0 0 0 0 0 0 1 0 0 2 0 0 2 0 0 2 0 0 1 0 0 2 0 2 0 0 1 0 2 0 1 0 0 2 0 0 1 0 0 0 0 0 1 0 0 0 1 0 0 0 2 0 0 0 0 0 0 0 0 0 0 0 0 0 0 0 0 0 0 0 1 0 2 0 2 0 0 0 2 0 0 0 0 0 2 0 1 0 0 0 0 0 2 0 1 0 0 0 0 0 0 0 2 0 0 0 0 0 0 0 1 0 2 0 0 0 0 0 0 0 0 0 0 0 0 0 0 0 0 0 0 0 0 0 1 0 1 0 1 0 0 0 1 0 0 2 0 0 2 0 0 0 2 0 0 0 0 0 1 0 0 0 1 0 2 0 0 0 0 0 0 0 0 0 2 0 0 0 0 0 0 0 1 0 1 0 1 0 2 0 0 0 2 0 0 0 0 0 1 0 1 0 1 0 0 0 2 0 1 0 1 0 0 0 0 0 0 0 0 0 0 0 1 0 0 0 0 0 0 0 1 0 2 0 0 0 0 0 0 0 0 0 0 0 0 0 1 0 0 0 0 0 0 0 0 0 0 0 0 0 0 0 0 0 0 0 0 0 0 0 0 0 0 0 0 0 0 0 0 0 0 0 0 0 0 0 0 0 0 0 0 0 0 
0 0 0 0 0 0 0 2 0 0 0 2 0 0 2 0 0 0 2 0 2 0 2 0 0 0 2 0 0 0 2 0 0 0 1 0 2 0 2 0 0 2 0 2 0 2 0 2 0 0 2 0 0 0 2 0 2 0 1 0 2 0 2 0 2 0 0 2 0 2 0 2 0 2 0 2 0 2 0 2 0 0 2 0 1 0 0 2 0 0 1 0 2 0 2 0 1 0 0 2 0 0 0 2 0 0 2 0 2 0 1 0 0 2 0 2 0 1 0 2 0 0 1 0 1 0 0 2 0 1 0 2 0 2 0 0 1 0 2 0 1 0 2 0 2 0 2 0 1 0 2 0 0 2 0 2 0 0 0 2 0 2 0 2 0 0 2 0 1 0 1 0 2 0 1 0 2 0 2 0 2 0 0 2 0 2 0 0 0 2 0 2 0 0 2 0 0 0 2 0 2 0 0 2 0 2 0 2 0 2 0 2 0 0 2 0 2 0 1 0 1 0 0 1 0 2 0 0 2 0 1 0 1 0 1 0 2 0 2 0 2 0 1 0 2 0 1 0 2 0 0 2 0 2 0 0 2 0 1 0 2 0 1 0 2 0 2 0 1 0 0 0 1 0 2 0 1 0 1 0 2 0 0 2 0 0 2 0 0 0 2 0 1 0 1 0 2 0 2 0 1 0 0 0 0 0 0 0 1 0 2 0 0 0 0 0 0 0 0 0 0 0 1 0 2 0 1 0 0 1 0 0 1 0 0 2 0 2 0 2 0 2 0 0 2 0 0 2 0 0 2 0 1 0 2 0 1 0 2 0 1 0 1 0 1 0 0 0 1 0 0 2 0 0 1 0 1 0 1 0 1 0 0 2 0 0 2 0 1 0 0 0 0 0 0 0 2 0 0 0 1 0 2 0 2 0 1 0 1 0 1 0 0 0 2 0 0 0 0 0 1 0 0 0 0 0 0 0 2 0 0 0 1 0 2 0 2 0 1 0 0 0 0 0 2 0 0 0 0 0 0 0 0 0 0 0 0 0 1 0 1 0 0 0 0 0 1 0 2 0 0 0 0 0 0 0 1 0 0 0 1 0 0 0 0 0 0 0 1 0 0 0 0 0 0 0 0 0 0 0 0 0 0 0 0 0 0 0 0 0 0 
0 0 2 0 2 0 2 0 2 0 2 0 1 0 2 0 2 0 2 0 2 0 1 0 2 0 2 0 2 0 0 2 0 2 0 2 0 2 0 2 0 2 0 2 0 2 0 0 2 0 2 0 2 0 1 0 1 0 0 2 0 2 0 2 0 2 0 0 1 0 1 0 2 0 0 2 0 2 0 1 0 1 0 2 0 0 1 0 1 0 2 0 1 0 0 2 0 0 0 2 0 1 0 2 0 2 0 2 0 1 0 0 2 0 1 0 2 0 2 0 2 0 2 0 2 0 1 0 2 0 2 0 1 0 1 0 2 0 2 0 2 0 0 2 0 0 0 2 0 0 1 0 0 0 2 0 0 2 0 2 0 2 0 2 0 0 2 0 0 1 0 0 2 0 0 2 0 0 0 2 0 0 2 0 1 0 0 2 0 0 1 0 0 0 1 0 0 0 2 0 2 0 2 0 2 0 1 0 0 0 0 0 2 0 0 0 0 0 1 0 2 0 1 0 2 0 0 0 0 0 1 0 0 0 2 0 2 0 0 0 1 0 0 0 0 0 0 0 0 0 0 0 0 0 0 
0 0 2 0 2 0 2 0 2 0 2 0 0 2 0 2 0 2 0 2 0 1 0 2 0 2 0 2 0 1 0 0 2 0 1 0 2 0 1 0 0 2 0 2 0 1 0 2 0 2 0 2 0 2 0 0 2 0 2 0 2 0 1 0 2 0 2 0 1 0 2 0 0 2 0 2 0 0 2 0 2 0 0 2 0 0 1 0 0 1 0 0 1 0 0 2 0 2 0 0 2 0 1 0 0 2 0 0 0 2 0 2 0 0 0 0 0 2 0 0 0 0 0 0 0 0 0 
0 2 0 0 1 0 1 0 1 0 1 0 0 2 0 0 2 0 2 0 0 2 0 1 0 2 0 0 1 0 1 0 2 0 0 2 0 2 0 0 1 0 0 2 0 0 1 0 1 0 2 0 1 0 2 0 0 0 2 0 0 0 2 
0 2 0 2 0 0 2 0 2 0 1 0 1 0 2 0 2 0 1 0 2 0 0 2 0 2 0 2 0 1 0 
0 2 0 2 0 0 2 0 2 0 2 0 1 0 1 
0 1 0 2 0 2 0 
0 2 0 
1 
1247  0.0000000000000000e+00
1663  0.0000000000000000e+00
1727  0.0000000000000000e+00
1823  0.0000000000000000e+00
1903  0.0000000000000000e+00
1919  0.0000000000000000e+00
1943  0.0000000000000000e+00
1947  0.0000000000000000e+00
1950  0.0000000000000000e+00
1951  0.0000000000000000e+00
1975  0.0000000000000000e+00
1979  0.0000000000000000e+00
1981  0.0000000000000000e+00
1982  0.0000000000000000e+00
1983  0.0000000000000000e+00
1999  0.0000000000000000e+00
2007  0.0000000000000000e+00
2015  0.0000000000000000e+00
2030  0.0000000000000000e+00
2031  0.0000000000000000e+00
2039  0.0000000000000000e+00
2023  1.5913878274656936e-39
1723  6.2535404944181965e-39
1599  3.2331338275763808e-38
1711  7.7925310749972468e-38
2027  1.2538760844455664e-37
1283  1.3385675196698339e-37
1855  1.6135234246265150e-37
1231  2.5629109286634227e-37
1949  4.6067545740784587e-37
1471  5.2557881257322093e-36
1679  1.2181346779949606e-35
1583  2.9347841354085221e-35
1980  3.0654879755518573e-35
2035  8.8608224058873233e-35
2038  9.6119468060199396e-35
2011  1.0256066451740367e-34
1223  4.9647209368518804e-34
1998  9.9847355041797889e-34
1967  2.5297252145846146e-33
2014  2.5878400578198502e-33
1726  7.9887656156141289e-33
1948  1.0684838411745568e-32
1822  1.3037289785795610e-32
1935  2.6742825932395302e-32
1775  2.8853345764955275e-32
1902  1.7309255011210180e-31
1974  4.5665044830288494e-31
1997  6.5578949083739203e-31
1719  7.4665166522462951e-31
1971  1.1531653363789885e-30
1246  1.2403345922969753e-30
1995  1.4363500809848071e-30
2029  2.3580225468180597e-30
1839  2.4327936750620752e-30
1815  5.2791327658541472e-30
1918  5.7695731058582947e-30
1963  6.5365622084815754e-30
1942  1.4333006517955792e-29
1854  2.0634411525548605e-29
1915  3.3067554436128426e-29
1939  3.7022011889505688e-29
1821  3.8726135521329010e-29
1725  4.7800363093065013e-29
1282  7.7598800286054438e-29
1662  8.2003628413920580e-29
1023  1.1686321004240744e-28
1819  1.5928993340112466e-28
1978  1.9210810745210029e-28
2022  1.9910697306409277e-28
1977  3.3993660947753984e-28
2019  3.8781705838284150e-28
1575  5.3236582018316500e-28
1271  5.6455955673135832e-28
2047  6.3040221977496781e-28
1687  8.8131193704564507e-28
1710  4.0845043690153900e-27
1167  5.4204095556324588e-27
1281  1.2032281307209781e-26
2006  1.2117069460820944e-26
1941  1.2902195578442668e-26
1275  1.4329508031057314e-26
1743  1.5938848405980536e-26
2003  1.8477348077007828e-26
1871  2.1526495484556963e-26
1647  2.2365210807311356e-26
1582  2.3814027968875905e-26
1255  3.3849310647740729e-26
2045  4.2214942552858741e-26
1853  5.1339256433335066e-26
1803  5.6011329667356443e-26
1946  7.5777713197946022e-26
1945  7.5778348722517554e-26
2028  8.2425159506849557e-26
1230  9.5490834513464278e-26
1699  1.7582118401725578e-25
2046  1.9051137645400913e-25
1917  2.8039740152745694e-25
1591  3.1543274382914654e-25
1901  3.1723103292888619e-25
1899  3.7075928711629804e-25
1119  6.0275621164545464e-25
1820  7.5561891929495282e-25
1455  8.3356280409957429e-25
1718  8.5633590401421676e-25
1724  8.9969172127231841e-25
1191  9.7212227412803058e-25
1463  1.1820786612319796e-24
1703  1.3560656444620902e-24
1215  1.7384566427329378e-24
2013  1.9640221160465467e-24
2043  2.4252071718679912e-24
1543  2.6891396022541259e-24
1655  3.6733767829175235e-24
1567  4.9743842513986795e-24
1851  5.1247515794839422e-24
1598  5.1709373388749034e-24
1814  7.8287382208770667e-24
1678  7.8510133963238718e-24
1811  1.1867070270594904e-23
1159  1.2262606062089419e-23
1774  1.4820683930677063e-23
1579  1.7344668337616422e-23
1280  1.7344935656414769e-23
1239  2.0475564000521201e-23
2037  2.5282370697861095e-23
1973  2.8510790957371661e-23
1274  3.6831323661647778e-23
1795  4.7219551570874380e-23
1807  4.8294420289986237e-23
1267  5.6182098618056618e-23
1671  5.7221288751934887e-23
1551  5.7900721093772102e-23
1887  6.4005547338197777e-23
1695  6.5231123829146448e-23
1595  9.9977829252306479e-23
1891  1.1489602548855165e-22
2041  1.2516155788611604e-22
1470  1.4985291443133553e-22
1447  1.6247296799860498e-22
2044  1.7174953892334531e-22
1709  1.7428965164781229e-22
1631  2.0819954106867425e-22
1273  2.6308727325624394e-22
1597  3.2895483142312862e-22
1423  3.5731978569188987e-22
1581  3.6626603796688621e-22
2042  7.6363821962556007e-22
1229  1.1759577894717637e-21
2026  1.3609354512473006e-21
1199  1.5041621428801327e-21
2012  1.6777774075976559e-21
1227  1.9074277538777640e-21
1927  3.5946050770866840e-21
1818  4.2457173029669926e-21
1817  4.2473200282796723e-21
2005  6.7027785822624257e-21
1976  7.3010550645252758e-21
2025  8.2484390943786353e-21
1519  1.0033110691780442e-20
1722  1.0197603681105346e-20
1721  1.0200745683492756e-20
1469  1.4373186672842970e-20
1467  1.5714698601215031e-20
1245  1.7130092746808495e-20
1991  1.8028964055408836e-20
2010  1.8668662425245540e-20
1847  2.0844388377761770e-20
2009  2.0942515714153832e-20
1773  2.1399738972739650e-20
1694  2.8843759876304064e-20
2040  4.3955739807347439e-20
1966  4.6697938704202015e-20
2034  4.7904558415822959e-20
2033  4.8006521161622335e-20
2036  6.6875505307198976e-20
1693  7.4619710972490636e-20
1708  8.0106572342826800e-20
1959  9.3393065140289692e-20
1155  1.0242210222251702e-19
1677  1.1723006533046675e-19
1166  1.1793923645057749e-19
1707  1.2309044886832895e-19
1965  1.3436027884635006e-19
1934  1.3946736038982279e-19
1931  1.3990978244322818e-19
1661  1.6402301967234940e-19
1870  1.7278678743742720e-19
1972  1.8224768258129901e-19
1911  1.9028954841870547e-19
1852  1.9061319327885315e-19
1970  2.1956359783382137e-19
1263  2.4404875616970406e-19
1165  3.1546752384451123e-19
1933  4.0125250779253357e-19
1969  4.1427688843628454e-19
1996  4.8417941487309073e-19
1895  4.9869894739428803e-19
1691  5.7220990312931407e-19
1994  6.0236778443368425e-19
1163  6.3491861687592709e-19
1993  7.0462732583829808e-19
1989  8.3030667386595927e-19
1375  9.0270380543414455e-19
1019  9.6533739957786556e-19
1143  1.1198185560946412e-18
 631  1.3470138635104961e-18
1962  1.4474168908004931e-18
1916  1.4556472780525554e-18
1944  1.6536537867146095e-18
1813  1.7237376926705157e-18
1961  1.8480154936188786e-18
1717  1.9145894891771199e-18
1955  2.2944164937188483e-18
1926  2.3990462841737620e-18
1675  2.6270211351886665e-18
1940  2.6683451289218990e-18
1914  3.2042486302447254e-18
1806  3.3679859160494756e-18
1720  3.4872136272503081e-18
1938  3.6997259219452249e-18
1705  4.2062205200559689e-18
1937  4.2524929160617475e-18
1270  4.3443595406387337e-18
1907  4.6572229470477238e-18
1929  4.8407868633651396e-18
1913  5.0658112288955641e-18
1990  5.3265403006285199e-18
1900  6.6202655920075683e-18
1022  6.9681711992348843e-18
1869  7.2667377536921214e-18
1923  7.2943911627783987e-18
1571  8.0341866954791958e-18
1863  8.4696016461536297e-18
1850  8.4765421360075000e-18
1987  9.2914879013185204e-18
1799  9.3192807945326332e-18
1805  9.5783919961948114e-18
 775  1.0318759553299949e-17
1763  1.1924508026095498e-17
1964  1.2042780986798086e-17
1574  1.4031577547224557e-17
 783  1.5319692708795623e-17
1846  1.6024498322829185e-17
1238  1.7097175118093883e-17
1831  1.8372537989550351e-17
1767  1.9300677275774764e-17
1243  2.1358923628971364e-17
1867  2.1377804353202651e-17
1957  2.2964893213284088e-17
1958  2.3525244259293395e-17
1849  2.4747172226186712e-17
1715  2.6023282667012136e-17
1702  2.6433557259696515e-17
1222  2.8562163863500131e-17
 643  2.8670039557997098e-17
1701  2.8878178279238967e-17
1269  2.8907746886324810e-17
1706  3.0921203034488125e-17
1219  3.2017579422501271e-17
1445  3.4306588990422292e-17
1930  3.5158155106718712e-17
1932  3.5327451821382692e-17
1791  3.6365417508740467e-17
1221  3.7746525741911990e-17
1244  4.1258966230206678e-17
1838  4.3585727377394075e-17
1241  4.5288143668341051e-17
1909  4.6007903835753374e-17
1910  4.7149559489277699e-17
1843  4.7561448599005380e-17
1816  5.0993249672714316e-17
2021  5.2844111891881277e-17
1235  5.7502632322154161e-17
1087  5.8990690489103903e-17
1885  6.0698588184766445e-17
2024  6.7053564262466846e-17
1879  8.6323127483572965e-17
1021  9.2875467174693492e-17
1735  1.1169815657750860e-16
1550  1.2183753519555837e-16
1886  1.2663600587532122e-16
1742  1.3727383170931822e-16
1659  1.4620226425167881e-16
1835  1.5002172483609907e-16
1175  1.7570358011181238e-16
1883  1.8371678985583544e-16
1772  2.2899599027526878e-16
1898  2.5423419643029241e-16
1211  2.7007548288257892e-16
1925  2.7264329673299688e-16
1741  2.8693366135384574e-16
1646  3.3521722074485076e-16
1415  3.4279569653717116e-16
1686  3.7102899859807591e-16
 991  4.3377454868676931e-16
1657  4.6460316135561025e-16
1660  4.7178395469150749e-16
1739  5.4320108652386029e-16
1897  5.6769213463823388e-16
2020  5.9312405747753671e-16
2018  6.0976305847715945e-16
2017  6.3853130162944358e-16
1802  7.2197520041704988e-16
1549  7.2929628706998602e-16
1651  7.3554328501054896e-16
1804  7.8400153519370326e-16
1683  7.9712693871719833e-16
1783  8.2251862497938367e-16
1787  8.7624325482022878e-16
1111  9.0451967595512519e-16
1630  1.2407238747876746e-15
1190  1.2684103237231245e-15
1242  1.3152362066813451e-15
1580  1.4130419419439665e-15
1547  1.5039665080822710e-15
1845  1.5349468277633232e-15
1801  1.6252648822821659e-15
1594  2.1586723639486870e-15
1118  2.3611079895514306e-15
1237  2.5399572818813327e-15
1511  2.7869605999063947e-15
1103  2.9449181981804573e-15
1578  3.0883781141518647e-15
1577  3.0950401318782382e-15
1266  3.3201521407650465e-15
1590  4.0349924585225267e-15
1596  4.1304653682293728e-15
1589  4.2385410549585874e-15
1837  5.5695937605974879e-15
1812  5.6934649341770910e-15
1790  5.6943672659368323e-15
1518  6.4477129468434017e-15
1573  6.8113599827846067e-15
1759  8.0483999293505486e-15
1115  8.2811803764007363e-15
1189  8.4842757687782223e-15
 747  8.5434050054763906e-15
1685  8.6291104705278357e-15
1009  9.9961069012472715e-15
1639  1.0456695844752103e-14
2032  1.1990823845156075e-14
1716  1.4068018879024314e-14
1265  1.4698611707799102e-14
1658  1.6368095982673711e-14
1615  1.6794410751239575e-14
1593  1.7492211425559178e-14
1468  2.1792405363519188e-14
1515  2.2521527494619812e-14
1587  2.3192691165953513e-14
2008  2.4038446731866538e-14
1623  2.4890739973555172e-14
1422  2.6056692647658082e-14
1713  2.7303346348837411e-14
1272  2.7715949344626374e-14
1714  3.2593867071473096e-14
1259  3.7528185601220024e-14
2004  3.7826953291422618e-14
 751  4.3822334784800745e-14
2002  4.4827154016723849e-14
1454  4.5083895283872892e-14
2001  4.5531946131944868e-14
1654  5.0168100913141874e-14
1653  5.0168192734583438e-14
1704  5.1216606993384203e-14
1419  5.3015272088712316e-14
1645  5.4335894850661013e-14
 719  5.5190037500488152e-14
1431  5.6233809361669709e-14
1789  5.6405673549494088e-14
1495  5.6755580161202044e-14
1894  5.7254253642267521e-14
1268  6.6185642473651609e-14
1198  6.7411230664713705e-14
1810  6.9738941169124895e-14
1893  7.7183083191459002e-14
1254  8.2397338815113017e-14
1566  8.2984702829651441e-14
1565  8.3009611916119901e-14
1809  8.3548580866886681e-14
1253  8.3554666770325287e-14
1542  8.7790826359135768e-14
1563  9.0961048417093327e-14
 635  9.9810651248845146e-14
1228  1.0067986518448403e-13
1226  1.0419008029740593e-13
1225  1.0420267532137940e-13
1643  1.0656547536594632e-13
 959  1.2080586739905246e-13
1083  1.3378146587779125e-13
1466  1.3629495350890099e-13
1465  1.3836513295149294e-13
1559  1.4161811571493414e-13
 642  1.4314356694216198e-13
1451  1.4346631371783674e-13
1541  1.4463635808106780e-13
 627  1.4897249325796216e-13
1251  1.6490439814926052e-13
1539  1.7582437474282216e-13
1537  1.7796933312556582e-13
1629  1.7978228774898182e-13
1214  1.8779996254133954e-13
1213  1.8786892904926064e-13
1798  2.0287233396765294e-13
1896  2.0480320006661179e-13
1771  2.0877140110548433e-13
1195  2.1034412614455006e-13
1627  2.4170704546448686e-13
1117  2.6919008727611490e-13
1797  2.7008294921704435e-13
1462  2.7240523512672868e-13
1461  2.7264890290894721e-13
 611  3.7347181722001290e-13
1446  4.1575038412977744e-13
1698  4.2117321067390550e-13
1531  4.3088996887673910e-13
 781  4.5960153332865354e-13
1262  4.6911919443169079e-13
1261  4.8823219161809443e-13
1800  5.3088975351072510e-13
1459  5.4618135415630790e-13
1399  6.3257143146070045e-13
1697  7.1366315444478435e-13
1517  7.3791639172963749e-13
1071  8.3892812371106476e-13
1692  1.1323949752170390e-12
1183  1.1917114814567936e-12
1264  1.1991086281579443e-12
1690  1.4357259256250881e-12
1187  1.5753493620290753e-12
1890  1.5976528333585975e-12
1509  1.6592259427504385e-12
1889  1.7223759362588517e-12
1700  1.7745038325830595e-12
1158  1.9787313339131247e-12
1157  1.9830508239598109e-12
1689  2.0423817721301537e-12
1421  2.0952843013847629e-12
1439  2.6683725861588302e-12
1453  2.7613504097150408e-12
 782  3.1325610000403056e-12
1676  3.5407962266710683e-12
1794  3.8280715875911159e-12
1674  3.8792790649070211e-12
1443  4.4207060040695078e-12
1673  4.4829250032755889e-12
1151  5.0377116561791814e-12
1793  5.1348850530522223e-12
1079  5.2139147640019490e-12
1139  5.2311322315285070e-12
2016  6.4093538465855363e-12
1131  6.4434830315572231e-12
1508  6.7825457892346927e-12
1892  6.8973304169104728e-12
1207  7.0572526664970090e-12
1670  7.1598618287122182e-12
1018  7.1789371564038886e-12
 641  7.3333103620214112e-12
1669  7.7636269078657581e-12
 575  8.9031114968650849e-12
1164  8.9512213405794640e-12
1015  9.5526172848225515e-12
1992  1.0678501173017683e-11
1988  1.0695031102768120e-11
1986  1.0728078743762511e-11
1985  1.0794140350335375e-11
1162  1.1752489532849695e-11
1161  1.1756107418751390e-11
1197  1.1993184902223846e-11
2000  1.2144385097316467e-11
1413  1.2234728508634254e-11
1667  1.4319879648894410e-11
1369  1.4681188180126978e-11
1968  1.5576838165441848e-11
1960  1.5585445702823771e-11
1956  1.5602347988403207e-11
1954  1.5636112810938338e-11
1953  1.5703746793647869e-11
 897  1.6493839743762400e-11
1142  1.6565287298950677e-11
1141  1.6581972109712936e-11
1020  1.7127767012237717e-11
1371  2.0925053235625121e-11
 780  2.6042329708227409e-11
1912  3.1113405013678948e-11
1908  3.1169366444054299e-11
1906  3.1204571821986075e-11
1905  3.1275191172439683e-11
1055  3.1354226439535379e-11
 990  3.4177029008298440e-11
1696  3.4207754721436195e-11
1936  3.4622965303928205e-11
1928  3.4678876097466867e-11
1924  3.4753703427012690e-11
1922  3.4902969447427995e-11
1921  3.5201969789507135e-11
1011  3.7443491721532815e-11
1363  4.9147580383099568e-11
1086  4.9614179231234792e-11
1770  5.0839524648010027e-11
1008  5.0870075363650019e-11
1188  6.1175542139991518e-11
1882  6.2428382840097834e-11
1881  6.2505298070765908e-11
1572  6.6332992570767845e-11
1003  7.5653490777772782e-11
1769  7.9103171230221792e-11
1374  8.0038742583294125e-11
1006  9.7993178372570615e-11
1327  1.0436142942835241e-10
1766  1.1911600184977059e-10
1765  1.1961745534904634e-10
1878  1.2474653179507536e-10
1240  1.2588965392765063e-10
1236  1.2603121850394794e-10
1234  1.2631075196792529e-10
1877  1.2678877316055407e-10
1233  1.2687430047515245e-10
1154  1.3368518631244970e-10
 630  1.3406166380223541e-10
1137  1.3425351302474020e-10
 629  1.3429180998377362e-10
1884  1.3485362543305280e-10
 989  1.3784102034994003e-10
1412  1.4772206703268420e-10
1868  1.4775031696280004e-10
1866  1.4812474423449348e-10
1153  1.4819475536660636e-10
1865  1.4844375090569232e-10
1848  1.5132289707973169e-10
1844  1.5199534236246427e-10
1842  1.5252536284546163e-10
1841  1.5357843230504906e-10
 717  1.6183417015065277e-10
1353  1.7535072511885778e-10
 999  1.8132678684811986e-10
1570  1.8486812320317736e-10
1569  2.0029432146171378e-10
1792  2.1882931938382277e-10
1185  2.4256888131972732e-10
1836  2.6670773548257933e-10
1834  2.6724936443439080e-10
1833  2.6834298591727892e-10
1862  2.7069782412211827e-10
1861  2.7104669791673869e-10
1186  3.0698748939561829e-10
1888  3.3497132916712535e-10
1875  3.4268383256364324e-10
 600  3.4329164557326330e-10
 975  4.5388936428487867e-10
1528  4.5641256635723767e-10
1210  4.6641053031811663e-10
1209  4.6710851491541102e-10
1656  4.7456945869321544e-10
1712  4.7700157187450425e-10
1650  4.7881100591082786e-10
1649  4.8369750757122853e-10
1830  5.3339797768286376e-10
1829  5.3455704596407666e-10
1859  5.4130892865491991e-10
1014  5.5041557449785337e-10
1786  6.0128721201574173e-10
1785  6.0567345942628856e-10
 983  6.3094669015584333e-10
1652  7.6834210204826598e-10
1536  8.2657128143542025e-10
1576  8.4847282454538757e-10
 718  8.8434952661734490e-10
1644  9.3156058792176473e-10
1641  9.3903666770932425e-10
 958  9.5541140390181399e-10
 957  1.0544444058213231e-09
1827  1.0665850532376068e-09
 750  1.0882771500587476e-09
 771  1.1321316848083096e-09
1781  1.1996033351462856e-09
1642  1.2319039499565543e-09
1734  1.2708468242300024e-09
1733  1.2735895694151396e-09
 745  1.3162729783345058e-09
1206  1.3397837875242272e-09
1534  1.4043249770990737e-09
 774  1.5347223352581699e-09
 773  1.5375400669534168e-09
1548  1.5491568511793601e-09
1546  1.5972958295300438e-09
1808  1.6462065027289199e-09
1545  1.6868314349115127e-09
1174  1.8035115274351479e-09
 618  1.8073106158451397e-09
1173  1.8102535351763669e-09
1796  1.8265630775253635e-09
1637  1.8601901010477882e-09
1205  1.9049859769137833e-09
1628  1.9867830124916243e-09
1625  2.0157082948972727e-09
1788  2.4159227682260642e-09
 746  2.4500515379186135e-09
1017  2.5198986622851710e-09
1731  2.5583676286036312e-09
1626  2.6171526376712756e-09
1758  2.7589608362562610e-09
1757  2.7773145169483186e-09
 943  3.0029915428128314e-09
 987  3.0551162152410722e-09
1116  3.0669561492554840e-09
1782  3.0738350956690402e-09
1114  3.0841588826045819e-09
 716  3.0895226498508216e-09
1113  3.1198479054752709e-09
 623  3.4296489462402670e-09
 625  3.4723188263008601e-09
1762  3.4813771015121938e-09
 712  3.5644954621842927e-09
1171  3.6956328858878025e-09
1761  3.7095392828984621e-09
1016  3.9656533167061045e-09
1621  3.9772882589099072e-09
1779  4.3594469174473688e-09
1768  4.4286852448152221e-09
1150  4.4434241130773607e-09
 743  4.6019644061691153e-09
 626  4.6044697345715822e-09
 951  4.8572544193453194e-09
 608  5.0823857407328079e-09
 739  5.3708535880345217e-09
 749  5.4574650840723096e-09
1504  5.4592936556943829e-09
1444  5.5628398152527714e-09
1441  5.5629155434753220e-09
1755  5.8598379519192597e-09
1212  5.9593481434100621e-09
1684  5.9873260048915034e-09
1682  5.9885689579502246e-09
1681  5.9911335307816737e-09
1352  6.0995486500126865e-09
1110  6.1354367454715653e-09
1109  6.1723111167477634e-09
1752  6.4331388285857101e-09
1373  6.4929053422473682e-09
1740  6.5780810726580408e-09
1738  6.5989153776133406e-09
1737  6.5991495428958401e-09
 777  6.6954612341320226e-09
 619  6.9950409579967030e-09
1408  7.2487789837628498e-09
1224  7.4541779239777596e-09
 516  7.4681294880889046e-09
 591  7.5719214414605800e-09
1764  7.7770934796613070e-09
1516  7.8506305749633141e-09
1514  7.8733021337526458e-09
1513  7.9190084609762962e-09
 640  8.0280631976674692e-09
1085  8.3519919134255351e-09
1220  8.4517076316119839e-09
1218  8.4518573026351718e-09
1217  8.4518586818452449e-09
 574  8.5507206085704086e-09
1152  8.7769741670011133e-09
 779  8.9081334579164144e-09
1613  8.9138960968754820e-09
 395  9.2202244982304336e-09
1562  1.0239628096690935e-08
1561  1.0404799217440784e-08
 731  1.0734492217037878e-08
1564  1.0957566954067186e-08
1442  1.1208558316394150e-08
1510  1.1859318825538764e-08
1107  1.2995495178536124e-08
1084  1.3345817078345013e-08
1082  1.3509484731093424e-08
1102  1.3584201731146918e-08
1101  1.3719380030979045e-08
1081  1.3720960408106223e-08
1638  1.5579306298299221e-08
1372  1.6267223113664719e-08
1568  1.6332764433585838e-08
 955  1.6837559088013781e-08
1635  1.7565104483283266e-08
1614  1.8124216549550066e-08
1095  1.8131286695210441e-08
1414  1.8372588797393127e-08
1452  1.8867540768852338e-08
1450  1.9024798557991671e-08
1449  1.9337335111929730e-08
1557  2.0488188832204605e-08
1184  2.1069211745936960e-08
1420  2.1367673252364194e-08
1558  2.1390494191793783e-08
1494  2.1612937469827222e-08
1418  2.1716802499838432e-08
1417  2.2406927706058577e-08
 737  2.3634685948641420e-08
 703  2.4712163265709083e-08
1136  2.5086741308593669e-08
1078  2.6383953085482954e-08
1196  2.8384004170131374e-08
1099  2.8678128137668425e-08
1194  2.8772415356396856e-08
1193  2.9512639336572590e-08
1622  3.2905861408506814e-08
1493  3.3130551990594311e-08
1619  3.7222492872434174e-08
1592  3.8304618969972264e-08
1588  3.8307648271348257e-08
1586  3.8313649651641629e-08
1585  3.8325548124134978e-08
1530  3.8573205814559557e-08
1438  3.8791687242329036e-08
1529  3.9035551139274688e-08
1555  4.2143509233627075e-08
 573  4.2217950704802429e-08
1349  4.2289750505955904e-08
 744  4.5056124515036653e-08
1437  4.5503433470912860e-08
 896  4.7134198160709838e-08
1492  4.9346571764583300e-08
 927  5.0924803035979592e-08
1181  5.5569133813164625e-08
1182  5.6780535749781824e-08
1070  5.7780075908338035e-08
1607  6.0002690013163023e-08
 687  6.8596679424661903e-08
 559  6.9056653359820979e-08
1398  6.9966001375902604e-08
 634  7.5799146364070143e-08
1525  7.6784054347701352e-08
1611  8.1007567600024029e-08
1430  8.2158541366983090e-08
 610  8.3052912058842685e-08
1429  8.3226448931521060e-08
1128  9.1788196765075717e-08
 609  9.2010775486912291e-08
1252  9.4904774040794750e-08
1483  9.5097102008660337e-08
 871  9.5400914171990200e-08
1250  9.6408609245536267e-08
1249  9.6416742956206229e-08
 567  1.0155082399794502e-07
1077  1.0456404191746630e-07
 624  1.0862373001481668e-07
 605  1.1389445652203619e-07
1760  1.1628357337729980e-07
1179  1.1656609241771140e-07
 888  1.1915245407436430e-07
1435  1.2316587176052583e-07
1464  1.2795189508163436e-07
1460  1.2803377149676728e-07
1458  1.2806087582580643e-07
1457  1.2811405122952854e-07
 892  1.3263512148377391e-07
1397  1.3576810863945947e-07
1361  1.3962629058685826e-07
1069  1.5427903357520257e-07
1501  1.5439647507255460e-07
1367  1.5770678318469490e-07
 679  1.6711734857537589e-07
 893  1.6775187322861771e-07
1427  1.6844811000832035e-07
1160  1.7033612724329381e-07
1156  1.8582187945379091e-07
1396  1.8697253401452258e-07
1409  1.9976416646475738e-07
1260  2.0297382365311912e-07
1054  2.0679307175374713e-07
1149  2.1155025382048098e-07
1147  2.1734337213357727e-07
1216  2.4925447948398926e-07
1347  2.8838101083159350e-07
 571  2.8915140941062293e-07
1368  2.8927559608222918e-07
1366  2.9479798837066445e-07
1440  2.9523912957993779e-07
1505  3.0031451577003452e-07
1258  3.0325820081770656e-07
 328  3.0914427954567227e-07
1257  3.0957313887560621e-07
1387  3.1549816554525094e-07
1411  3.2035021783333926e-07
1140  3.2453794853719220e-07
1507  3.3148603111637530e-07
1013  3.5560152005462414e-07
1010  3.7285080880019952e-07
1135  3.8938269524408990e-07
1138  3.9359324287641067e-07
1007  4.0365357095546208e-07
1130  4.5020672757056647e-07
1053  4.7160254298657291e-07
1405  4.7277966072866635e-07
1063  5.1758391990315823e-07
1355  5.3116382077129797e-07
1075  6.0678299950308898e-07
1129  6.1823235684168724e-07
1012  6.3070701273262693e-07
 736  6.6932981616105235e-07
1540  6.7030916316258390e-07
1538  6.7039657651115838e-07
1535  6.7232766927507300e-07
1362  6.8935406505170209e-07
1125  6.9376984029774447e-07
1002  7.1495381006828460e-07
1984  7.2689660219807298e-07
1952  7.3458566503710768e-07
1001  7.4050636690952254e-07
1904  7.4969899298010515e-07
1880  7.8046652143659178e-07
1876  8.4164282662637255e-07
1339  9.1622420248886552e-07
1489  9.2104717854762870e-07
1874  9.6382875386945243e-07
1315  9.7005972153061229e-07
1067  1.0365721201867884e-06
1203  1.0730925427382235e-06
1370  1.1166307320388273e-06
 885  1.1254207565050154e-06
 543  1.1791353410971782e-06
1736  1.2312477266066322e-06
1039  1.2677070355569023e-06
 628  1.3550470077884753e-06
 778  1.3880157654975109e-06
 998  1.3957409322822994e-06
1359  1.4292489452235959e-06
1393  1.4674834625372112e-06
 622  1.5448476053420179e-06
1920  1.5451179302010836e-06
1864  1.5945010857178070e-06
 988  1.6544912905424881e-06
1860  1.6598296859878259e-06
1047  1.6779549735661830e-06
 986  1.6824752071012295e-06
 997  1.7539934869762876e-06
1858  1.7899990262987556e-06
 715  1.8235472157653545e-06
 713  1.8833407531222480e-06
 776  2.0347523977911529e-06
1857  2.0504480719365367e-06
1232  2.1139212724107837e-06
 728  2.1705911671192845e-06
 985  2.1786803832949306e-06
1672  2.1975254910371106e-06
1668  2.1976646391806949e-06
1666  2.1979035170074066e-06
1665  2.1983703561445445e-06
1688  2.2029567673711151e-06
1208  2.3286264065118721e-06
1204  2.4734529817754817e-06
 604  2.6109797238677741e-06
1051  2.6480212401659099e-06
1202  2.7534936122525252e-06
1873  2.7637237953839282e-06
1840  2.9052506212363318e-06
1832  2.9429655461435032e-06
1828  3.0161954673209168e-06
1826  3.1621098448924215e-06
 709  3.2001465543545978e-06
 982  3.2840874268823228e-06
1825  3.4550630022373522e-06
 616  3.5698767409368411e-06
 633  3.5859092315193671e-06
 614  3.7491417736761712e-06
 981  3.8936306050069552e-06
1680  4.5093219191298423e-06
1326  4.5364063462826374e-06
1004  4.5586680096031582e-06
1325  4.6015380073641126e-06
1732  4.6676687323039043e-06
 772  4.6824183447234711e-06
 632  4.7421360448536201e-06
1360  4.9762839567416510e-06
1730  5.0426700263343895e-06
 748  5.0649953372713666e-06
1323  5.5392963981592044e-06
 770  5.5714054421897885e-06
1729  5.7902721511584000e-06
1248  5.8393698089077179e-06
1784  5.8939719163018859e-06
 851  5.9211026653983136e-06
1780  5.9879920336609613e-06
 769  6.1744787105853726e-06
1778  6.1746913945185920e-06
1648  6.2232098717822128e-06
1640  6.3186810511152576e-06
 956  6.4158406904243598e-06
 995  6.4378660699891272e-06
 714  6.4999401629363704e-06
1636  6.5086728191752653e-06
 954  6.5311936006832455e-06
1634  6.8863337978409946e-06
1256  7.2333002856616208e-06
1172  7.3323034564483878e-06
1346  7.4458749927130070e-06
1777  7.4970785162717427e-06
 974  7.6036701786830370e-06
 742  7.6109370760431289e-06
1170  7.6217692427339833e-06
 621  7.7069814702884681e-06
1503  7.8654140406928003e-06
 953  8.0808773227050462e-06
1169  8.2009566711708431e-06
 973  8.8373947201612825e-06
 884  8.9009286298617241e-06
 598  8.9143925452332145e-06
1584  9.3091854888131419e-06
1303  9.4291641889645338e-06
 514  1.0151687372078711e-05
1633  1.0295216018355859e-05
1322  1.0420262855977736e-05
 597  1.1628071371215157e-05
1756  1.1806048622954633e-05
1754  1.2084738009625756e-05
 734  1.2273551539100944e-05
1624  1.2422326849843840e-05
 979  1.2520142662979595e-05
1753  1.2594867399236840e-05
1620  1.2649560115706937e-05
 950  1.2691040374772538e-05
1618  1.3098292313936952e-05
 738  1.3204175241488051e-05
1533  1.4765883863822528e-05
 949  1.4856905019731292e-05
1148  1.5647362419844597e-05
1146  1.6043563879140052e-05
1112  1.6499369477765287e-05
 967  1.6819651327023839e-05
1108  1.6826255670800491e-05
 394  1.7202580271040164e-05
1617  1.7263622768259055e-05
 735  1.7446733734828323e-05
1106  1.7473471830329673e-05
 393  1.7597642039156904e-05
 595  1.8276543167473207e-05
1105  1.8780813774542459e-05
1512  1.8830174137136007e-05
1456  1.9324992419179187e-05
 741  2.0230556082501834e-05
1488  2.1239183778310378e-05
1506  2.2743661121609259e-05
 607  2.2991884122793921e-05
 572  2.3915987534758151e-05
 730  2.3923494197227542e-05
 513  2.4067593217448954e-05
 617  2.4274772879925693e-05
 570  2.4448655890367934e-05
1749  2.4613862338031311e-05
 601  2.4783493945555925e-05
1612  2.4795590890795304e-05
1750  2.4808999610127793e-05
 615  2.5132612006164797e-05
1610  2.5401277616211648e-05
 971  2.6526752638217273e-05
1544  2.6752552647578370e-05
 590  2.7306421732472714e-05
 729  2.8053269320620456e-05
 390  2.9655979313994071e-05
1407  2.9963880262219145e-05
 942  3.0065702978984459e-05
1201  3.0908226074206511e-05
1609  3.1157587995270068e-05
1134  3.1335828801451688e-05
1100  3.2920788013507369e-05
 508  3.3597123023897585e-05
 504  3.3664958253422827e-05
1098  3.3785645832944364e-05
 947  3.4225993477061094e-05
 941  3.4800817142582391e-05
1097  3.5548410156840348e-05
1560  3.6326111347113378e-05
 725  3.6366193056520840e-05
1502  3.6490205132947159e-05
1556  3.7145050398741364e-05
1554  3.8761192706363654e-05
1491  3.9083462141598283e-05
1532  3.9201645488955804e-05
1526  3.9247451702189703e-05
1499  3.9255963991919041e-05
1523  3.9329948293950637e-05
1145  4.0354840740963936e-05
1490  4.0462209219764885e-05
1080  4.0552983924688233e-05
1392  4.1289506981509282e-05
1076  4.1416170462797616e-05
 710  4.2566873820806924e-05
1074  4.3043587365162422e-05
 589  4.3454708064981153e-05
 569  4.3644597889399120e-05
 488  4.4385019515406810e-05
1527  4.5879715169756294e-05
 566  4.6640045540478643e-05
 707  4.6955575429957759e-05
1747  4.7299345647167737e-05
1524  4.7819300454918206e-05
1606  4.9545168259456743e-05
1436  4.9769895803714245e-05
1448  4.9913502898084085e-05
1522  5.1680820705494748e-05
1434  5.3022090007766961e-05
1480  5.5040271556761698e-05
1664  5.8344186242782781e-05
1605  5.8676341139442350e-05
 678  5.9927804458887414e-05
 870  6.0063498126782407e-05
 935  6.0997353280196213e-05
 375  6.1201303175529887e-05
1094  6.5738532743838857e-05
1553  6.7565264484541968e-05
1348  6.7793433206199421e-05
1093  6.8662769864330232e-05
1487  6.9911799513690809e-05
 880  7.0398894791207016e-05
1482  7.0746937384860288e-05
 939  7.2137614910620216e-05
 565  7.4120003797820431e-05
1416  7.4120418556463768e-05
1192  7.6221171795686659e-05
1481  7.8395433409349016e-05
1068  7.8513227476947447e-05
1410  7.8847459791465168e-05
1180  8.0307180556218064e-05
 702  8.0583268295678952e-05
1066  8.1018424580180356e-05
1124  8.1202524930427806e-05
1178  8.2438590168288370e-05
 326  8.4634509122786820e-05
1073  8.5880169551639545e-05
 373  8.8506419927494710e-05
1395  8.8919343322293860e-05
1500  8.9683217420402118e-05
1133  9.0042380333358492e-05
1428  9.1157117416557076e-05
 926  9.2212138190869464e-05
1177  9.2468474431957611e-05
 307  9.2763942785532226e-05
1394  9.2976313879964662e-05
 583  9.5294420066708847e-05
1426  9.5467946495034312e-05
1603  9.5836206913849046e-05
 558  9.6234619358417377e-05
1498  9.6477519578719301e-05
1091  1.0119042584987844e-04
 587  1.0217436459582280e-04
 891  1.0279884946594051e-04
1122  1.0304816584799848e-04
1425  1.0403558909154059e-04
 869  1.0461087507100369e-04
 890  1.0524259282084980e-04
1345  1.0637390687368759e-04
 701  1.0775284564783398e-04
 889  1.0951505748196367e-04
1384  1.1018957058779488e-04
 925  1.1038608802805750e-04
1062  1.1884779934067184e-04
1127  1.2448327451503591e-04
1406  1.2836311893473266e-04
1403  1.2941516577870055e-04
1477  1.3710175459660131e-04
1065  1.3809174302278950e-04
1433  1.4734734518613362e-04
 563  1.4824454906313210e-04
 557  1.5042882685798123e-04
 501  1.5049903267626714e-04
 325  1.5365944705145830e-04
1486  1.5386525856077093e-04
 677  1.5456686644231592e-04
1391  1.5510277869840625e-04
1344  1.5905906452257925e-04
1386  1.6490033283599249e-04
1052  1.6511544443152611e-04
 886  1.6631713701788936e-04
1404  1.7033315364154637e-04
1050  1.7224033891255377e-04
1402  1.8465777557104667e-04
1385  1.8784968658821797e-04
 923  1.9365424056601833e-04
 686  1.9624427565730765e-04
1365  2.0197123528808972e-04
 699  2.0217508384645272e-04
1061  2.0407972769118281e-04
1364  2.0724840237135880e-04
 685  2.1413544236042814e-04
 324  2.2132040871656090e-04
 919  2.2765591425995306e-04
1046  2.4090925074377783e-04
 695  2.4299357952386252e-04
1358  2.4371002659434089e-04
1336  2.6216187022865396e-04
1343  2.7301289277548878e-04
1381  2.7475662497396318e-04
 867  2.7529595716567907e-04
 683  2.8608679492581036e-04
1049  2.8614020680509816e-04
 360  2.8939725201152042e-04
 555  3.0085134363051302e-04
1390  3.0169319932876488e-04
1338  3.2075780618737989e-04
 881  3.2502910515007767e-04
1354  3.4106976367082135e-04
1324  3.4332961846615781e-04
 551  3.6295676888322223e-04
1314  3.6849695811518729e-04
1059  3.7034568578479370e-04
1351  3.7984798554681516e-04
 675  3.9682709805584989e-04
1337  3.9791430291559877e-04
1045  4.2328650084583604e-04
1005  4.3263548144683298e-04
1000  4.4497090126305631e-04
 313  4.6688577724946092e-04
 996  4.7035861268366523e-04
 883  4.7379323285486497e-04
 768  4.8105291447719020e-04
 877  4.9113489554152468e-04
1038  4.9825036091750248e-04
 538  5.0089884687986848e-04
 994  5.1907454340918756e-04
1302  5.4391109298343020e-04
1357  5.5089464312463082e-04
1313  5.6204368638163005e-04
1342  5.8641256916463819e-04
1321  5.9984666456692668e-04
1333  6.1039311500870989e-04
 372  6.4859543151429768e-04
 984  6.5052206006017824e-04
 711  6.6948064473858367e-04
 542  6.9534178797306845e-04
 980  6.9761336840570387e-04
 708  6.9941279436020571e-04
1312  7.3521193355830124e-04
1043  7.4206284435303458e-04
 841  7.4359106522765069e-04
1521  7.5230396496355281e-04
 993  7.5923697759178329e-04
 706  7.6597799348057194e-04
 911  7.8142071435413055e-04
 978  7.8564738842948790e-04
 541  7.8972478387724166e-04
 620  8.3355563098214418e-04
 855  8.6405942302265025e-04
1037  8.8569000782865077e-04
1319  8.9543917726446021e-04
 612  9.0346784290293520e-04
 740  1.0120989062713660e-03
 972  1.0277023598017352e-03
1320  1.0301555116520838e-03
 500  1.0894770381337329e-03
 606  1.1143301401342137e-03
 977  1.1712820666711584e-03
 850  1.1904166596436055e-03
 970  1.2024770326453087e-03
 539  1.2046538998522706e-03
1318  1.2890628651823801e-03
 952  1.2985234321231504e-03
 512  1.3051869673810720e-03
 596  1.3466076935344754e-03
 603  1.3666479249093957e-03
1872  1.3898120715931043e-03
 297  1.4083890410592844e-03
1856  1.4295347484313443e-03
 663  1.4309209315496521e-03
 671  1.4444807813341087e-03
 948  1.4491407862596117e-03
1824  1.5031914854013596e-03
1309  1.5056243865382113e-03
1035  1.5242983830322076e-03
 392  1.5273451716413316e-03
 732  1.5406242130330500e-03
 594  1.6007244515772905e-03
 465  1.6283707067358206e-03
 849  1.6797041061972454e-03
1776  1.6800920643598846e-03
 946  1.7263334228070474e-03
1301  1.7405346795024493e-03
 613  1.7747965353183709e-03
 726  1.8091358723735800e-03
 969  1.8199343182587868e-03
 733  1.9201193363900530e-03
1751  1.9661816849922179e-03
 966  1.9872096193098367e-03
 593  1.9891276289188127e-03
1200  2.0063692086385271e-03
1168  2.0962250042589584e-03
 588  2.2047588216188804e-03
 388  2.2440641765920869e-03
 863  2.2469715975350787e-03
 723  2.3091680910089416e-03
 705  2.3276157602731733e-03
 940  2.3542429699761154e-03
 727  2.3560443730591442e-03
1401  2.3779008943401857e-03
1144  2.3957216082200264e-03
1632  2.4063432154316751e-03
1728  2.4158159456563852e-03
 506  2.4189014561460010e-03
1031  2.4554847283995590e-03
1748  2.5177538397695111e-03
1616  2.5766065201624929e-03
 945  2.5931587274992153e-03
 586  2.6714361677655655e-03
 568  2.6946576787906882e-03
 599  2.7129710192600625e-03
 385  2.8053860156744643e-03
 724  2.8158613568643330e-03
1132  2.8231119727982180e-03
 938  2.8437239721454360e-03
 531  2.8677522296866606e-03
1608  2.9010423873107906e-03
1104  3.0955641512281180e-03
 965  3.1111537881445559e-03
 564  3.1784429944987178e-03
1299  3.2330113613957671e-03
 306  3.3052386200887319e-03
 374  3.4012047827186066e-03
1096  3.4797937614757433e-03
 676  3.5047777712372045e-03
1604  3.5149731626406230e-03
 843  3.5296256246390074e-03
 659  3.5334540367032378e-03
 505  3.5552606333210633e-03
1746  3.5724979652013355e-03
 868  3.5735087146292746e-03
1126  3.5890817452052413e-03
 368  3.6138422359164087e-03
 722  3.6241737971554819e-03
 484  3.7207895577996857e-03
 562  3.9008708160071354e-03
1497  3.9707238849916084e-03
 486  4.1053744296113397e-03
1092  4.2037256446371754e-03
 700  4.2852389664282328e-03
 502  4.2860505115071626e-03
 582  4.4458274083288875e-03
 674  4.4948066582869498e-03
1602  4.5244158142971284e-03
 937  4.5333149504603936e-03
 866  4.5483873986901201e-03
 934  4.7053803507595094e-03
1485  4.7467676818005672e-03
1072  4.7756741922554405e-03
1552  4.8371297866598682e-03
1123  4.9043444300419046e-03
 924  5.0057556212645933e-03
1176  5.0827997043450188e-03
 963  5.1218778535569182e-03
 556  5.1566738062360984e-03
1090  5.3125642347068387e-03
1745  5.5162666134093308e-03
 698  5.5293036628414538e-03
 585  5.5494421708444418e-03
1064  5.5913019621392883e-03
1479  6.0518729838909052e-03
 496  6.1447443656494679e-03
 922  6.4301179742475610e-03
1341  6.6423960573288553e-03
1520  6.6596897399457825e-03
 554  6.6919821544711312e-03
1432  6.8280252494988996e-03
1060  6.8481348714383187e-03
 485  7.2810148078116229e-03
1476  7.3381563715202323e-03
1089  7.4055828484367540e-03
 369  7.4812184714732471e-03
1496  7.5373258670459074e-03
1424  7.7293036834484860e-03
 887  7.7380168456723198e-03
 561  7.8108210360576099e-03
 323  7.8889500019374351e-03
 933  7.9479198470709961e-03
1389  8.0050289643200032e-03
 882  8.0656527291029928e-03
 371  8.3976102505891950e-03
 305  8.8587722142536400e-03
1058  9.0015050516658833e-03
1048  9.0131695320516195e-03
1484  9.2380679205835772e-03
 356  9.3247448970730420e-03
 581  9.5059580879035266e-03
 694  9.6174521271473901e-03
1601  9.6259689729828075e-03
 322  9.8361396697186822e-03
 684  9.8953067830957041e-03
1383  1.0218515590056175e-02
1474  1.0432968910206059e-02
 697  1.0524083902782876e-02
 921  1.0776705280130418e-02
 918  1.1307060254299867e-02
1400  1.1438532532781801e-02
1044  1.1498583297427393e-02
 497  1.1557840284895841e-02
 865  1.1614543733233845e-02
 550  1.1690024511989671e-02
1478  1.2209711495202431e-02
1380  1.2347708488247972e-02
 499  1.2412031831963757e-02
 878  1.2582091917464816e-02
1356  1.2601783817909325e-02
 840  1.2657969115120033e-02
 682  1.2700050691922479e-02
1120  1.2720786931326080e-02
 321  1.3198845839112495e-02
 931  1.3360914346075970e-02
 553  1.3935157367631953e-02
 365  1.4140469727953303e-02
1388  1.4435985838478157e-02
1287  1.4522953274138078e-02
 879  1.4823248897944034e-02
 673  1.5103521075251503e-02
1350  1.5696480821092294e-02
 579  1.5739176144443215e-02
1042  1.5784175382974396e-02
 358  1.5826624918696998e-02
1295  1.5855478971691782e-02
 312  1.6695609892555384e-02
 681  1.7232713120951121e-02
1475  1.7351123353785174e-02
1378  1.7670265810435043e-02
1335  1.7890519180652632e-02
 875  1.8141977621500063e-02
1057  1.8169012664991012e-02
 836  1.8600822369497054e-02
 693  1.8979910201202481e-02
1036  1.9101983001627937e-02
1382  1.9608364872758549e-02
 876  1.9784048758011572e-02
 917  1.9888351144472148e-02
1300  2.0525254872006526e-02
 536  2.0915483805584396e-02
 540  2.1831401801404880e-02
1311  2.1948570954902547e-02
 493  2.2007974168640303e-02
 704  2.2331796399556805e-02
1332  2.2655333040623449e-02
1340  2.3442487860586600e-02
 549  2.4757036183774759e-02
 309  2.4856474581053761e-02
 299  2.4975515077577715e-02
 992  2.5200095986436355e-02
 357  2.5924561005616211e-02
 530  2.6303995850618475e-02
 670  2.6465629968826621e-02
1034  2.7476625471285196e-02
1317  2.7676991538251691e-02
1379  2.8347139399714141e-02
 874  2.8723129046754874e-02
 193  2.9521411633086619e-02
1298  3.0207962630706128e-02
 848  3.0502257167551765e-02
 292  3.0649963322951192e-02
1041  3.0866304902499562e-02
 296  3.0902062131237720e-02
 976  3.1150462605066532e-02
 691  3.1903609542646039e-02
 910  3.2136341629603903e-02
 534  3.2535138125898776e-02
 808  3.2635875385206965e-02
 473  3.2648299066759652e-02
1334  3.3279805498358427e-02
1330  3.3522375350947410e-02
 854  3.4028276847279208e-02
 915  3.4031048216973427e-02
 658  3.4316476506290182e-02
 537  3.5323183213110759e-02
1316  3.7684097405608602e-02
 460  3.7976115924863524e-02
 820  3.8323920900079543e-02
 602  4.0247766255657375e-02
 968  4.1064855916674428e-02
 547  4.1340812655502275e-02
1308  4.3709366429131771e-02
 862  4.6091823700297754e-02
 464  4.6473806507515938e-02
1030  4.6973025897445869e-02
 837  4.7202285389260142e-02
 662  4.8692499636173912e-02
1331  4.8726147336499562e-02
 853  4.9120940208721403e-02
 909  5.0611734201562675e-02
 592  5.1293650413658527e-02
 944  5.2553151741716264e-02
1033  5.2951314488066836e-02
 535  5.3177170362938390e-02
 908  5.3935675711302283e-02
 384  5.5817898416519164e-02
 964  5.7448724292757138e-02
 669  5.8027705785160158e-02
1310  5.8828152336698504e-02
 721  6.0279232204143988e-02
 303  6.2145264465032136e-02
1306  6.5798042975223361e-02
 481  6.6491988159486926e-02
 661  7.0536340696614186e-02
 584  7.1019081275151844e-02
 461  7.1984821395146489e-02
 187  7.2661954821794245e-02
 293  7.3009626252007645e-02
 936  7.3831913169601082e-02
 503  7.4896793378031026e-02
 720  7.7410696148027897e-02
 842  7.8525794454980910e-02
 370  7.9387398048367960e-02
 304  7.9398663620993098e-02
1297  7.9403925367325531e-02
 364  8.1126563761814152e-02
 861  8.2264023186491619e-02
 962  8.2375839573933241e-02
 529  8.2874645519402115e-02
 264  8.3004792937788466e-02
 833  8.3041809507604841e-02
 482  8.6466197387625704e-02
1307  8.6675162137883593e-02
1029  8.8261909819712894e-02
 847  8.8881675928570589e-02
 560  9.0463478309225590e-02
 667  9.4226056301523864e-02
 657  9.5333570015450217e-02
 864  9.6290443099563430e-02
 672  9.6489533990204684e-02
1121  1.0046900712213268e-01
 580  1.0138966227435714e-01
 353  1.0146534232280431e-01
 498  1.0404530230497136e-01
 932  1.0621353868911981e-01
 344  1.1104258304263798e-01
1600  1.1273562424185014e-01
 492  1.1392648353852496e-01
 483  1.1604788936813668e-01
 696  1.1756455729967538e-01
1744  1.2084487806990034e-01
 366  1.2137974886184925e-01
1088  1.2280234506177473e-01
 905  1.2456585802731306e-01
 367  1.2747873262343098e-01
 961  1.2768777834629599e-01
 920  1.2810360450012651e-01
 552  1.3091187372351712e-01
 457  1.3139184089740188e-01
 859  1.3210007744184368e-01
 839  1.3304235644091492e-01
1027  1.3609589281552278e-01
 578  1.4431881000525851e-01
 354  1.5137637209417040e-01
 930  1.5173142160019451e-01
 320  1.5275072284592289e-01
 494  1.5732999235114828e-01
 480  1.6009053886105606e-01
1056  1.6111984226262929e-01
1293  1.6354371350774216e-01
 495  1.6512795323822396e-01
 692  1.6681185885308233e-01
1472  1.7111937601342486e-01
 527  1.7727753883750932e-01
1286  1.8125468252532634e-01
 521  1.8202379282553496e-01
 341  1.8294911293878180e-01
 680  1.8611349607423461e-01
 289  1.8645500622702907e-01
 916  1.8676966472468290e-01
 548  1.8835707505117333e-01
1294  1.9850634850930643e-01
1473  1.9865282578354074e-01
 873  2.0322183493728904e-01
 275  2.0483883234127295e-01
 651  2.1678496964527777e-01
 523  2.1837728479482477e-01
 352  2.1935161351818716e-01
1040  2.1943753792889226e-01
 834  2.2162016332571549e-01
1376  2.2327657476910798e-01
 929  2.2383504788270059e-01
 690  2.3103336339859262e-01
 577  2.3243474123307792e-01
 308  2.3335016353833296e-01
 655  2.3919616568098259e-01
 298  2.4597495162706798e-01
 355  2.4677462677581560e-01
1285  2.4752265135232585e-01
1377  2.5941409215871936e-01
 914  2.6045612141623503e-01
 546  2.6095275627035092e-01
 191  2.6657060966705087e-01
 281  2.6900667654441768e-01
 429  2.7129769807835502e-01
 872  2.7167628803674110e-01
 361  2.7405561879577028e-01
 832  2.7492911161528927e-01
 472  2.7791080828006282e-01
 806  2.8078338201651704e-01
 363  2.8244043402840829e-01
 290  2.8792764783729125e-01
 528  2.8946847721722480e-01
 532  2.9189889436853889e-01
 186  2.9608717442804611e-01
 668  2.9625528583840655e-01
 805  2.9730696449173311e-01
1292  2.9883814904898731e-01
1032  2.9987936027263407e-01
1328  3.0513602838768855e-01
 818  3.0626077164000959e-01
1296  3.0695989166244003e-01
 649  3.1880165970370422e-01
 458  3.2193624458040115e-01
 825  3.2908109880536368e-01
 656  3.3321375895166905e-01
 489  3.3794194445702558e-01
 852  3.3997778784676053e-01
 689  3.4116379793486057e-01
 302  3.4214950605265315e-01
1279  3.4223057171921767e-01
 835  3.4621805563994984e-01
1329  3.4639208328740639e-01
 295  3.4842833470934192e-01
 491  3.5033231677515653e-01
 189  3.5309689564339924e-01
 907  3.5505985104769922e-01
 533  3.5976265753568487e-01
 913  3.6149476278708487e-01
 469  3.6966245099793393e-01
 904  3.7379346241500094e-01
 456  3.7736892099801866e-01
 817  3.7959822345181288e-01
 545  3.8306811265126978e-01
 906  3.8513918717786882e-01
 288  3.8712744571414209e-01
 666  3.9127874726400375e-01
1028  3.9789784739284517e-01
 860  3.9870621690495139e-01
 447  4.0179093758816165e-01
 660  4.0882165124292719e-01
 431  4.1925592000483380e-01
1304  4.2143261645013003e-01
 459  4.2169766156320071e-01
 291  4.2756582528112524e-01
 479  4.3260377451817317e-01
 804  4.3816108267000564e-01
 262  4.4907055139835222e-01
 846  4.5490320738632495e-01
1305  4.6154349332194511e-01
 301  4.6957329722888147e-01
 468  4.7174951229280343e-01
 185  4.8105872662594862e-01
 526  4.8484296047031650e-01
 828  4.8924810535612473e-01
 340  4.9183557382739207e-01
1026  5.0078598537447616e-01
 858  5.0796395183321308e-01
 342  5.1279743652562793e-01
 960  5.1374809825899581e-01
 812  5.1971352616495936e-01
 261  5.2108280767361037e-01
 838  5.2209659935717223e-01
 351  5.3811169578127915e-01
 831  5.4041359150066492e-01
 665  5.4578011439071183e-01
 520  5.5366330365098604e-01
 348  5.5466561850057594e-01
 845  5.6083088583727247e-01
 654  5.9067285711487472e-01
 476  6.0918075367353230e-01
 452  6.1796708576039916e-01
 477  6.1881920468380425e-01
 274  6.2475956338507543e-01
 829  6.2646602113037109e-01
 792  6.3172470518629997e-01
 362  6.3219306994371693e-01
1025  6.3480619268590055e-01
 857  6.3673111487732070e-01
 239  6.3967739800604140e-01
 576  6.4051646150862285e-01
 478  6.4244800664666668e-01
1291  6.4406617284306444e-01
 260  6.4458574525653067e-01
 284  6.5788852502075834e-01
 178  6.5791625111386676e-01
 455  6.5925445657307880e-01
 349  6.5989040644765573e-01
 928  6.6025140799599413e-01
 901  6.6837417680285893e-01
 179  6.6973667422826333e-01
 648  6.7336003649694931e-01
 650  6.8096700643736474e-01
 525  6.8390726324156548e-01
 522  6.8423687812672085e-01
 903  6.8480976061563525e-01
 490  6.9840637423253127e-01
 900  7.0178953301701574e-01
 287  7.0282108932624598e-01
 428  7.0359528184154330e-01
 453  7.0865350308347397e-01
1284  7.1458243732599092e-01
 280  7.2970596722719727e-01
 350  7.3185740824005807e-01
 183  7.3189394382168282e-01
 517  7.3643650820833340e-01
 273  7.4331781654953377e-01
 359  7.4665308943587205e-01
 336  7.4802875513681844e-01
 337  7.5042472949720118e-01
 688  7.5822718078400198e-01
 767  7.5984021094074239e-01
 653  7.6201859089947366e-01
1289  7.6221236040022033e-01
 446  7.6236531680721575e-01
 824  7.6426164632808147e-01
 248  7.7881305432432724e-01
 285  7.8579648722126261e-01
 544  7.8887341943008771e-01
 171  7.9174444219723561e-01
 803  7.9285762517405789e-01
 339  7.9305565689914037e-01
 912  7.9557545708330302e-01
 294  7.9671088463283912e-01
1290  7.9897598684842330e-01
 159  7.9963342825980332e-01
 487  8.0333179118861497e-01
1278  8.0374015025970813e-01
 188  8.1281069890754576e-01
 816  8.1392992879069181e-01
 184  8.1413601560253557e-01
 277  8.1622683476434110e-01
 830  8.1910599996333966e-01
 425  8.2029938493617016e-01
 511  8.2604264739694011e-01
 267  8.4024309690688070e-01
 333  8.4052762904492850e-01
 467  8.4240285588830188e-01
 800  8.4945775901577436e-01
 300  8.5556916453967768e-01
 430  8.5747731276603578e-01
 821  8.6113282612787689e-01
 645  8.6176885528322666e-01
1277  8.6569505199562102e-01
 519  8.6781849859026239e-01
 286  8.7269659025996205e-01
 158  8.7575245554825998e-01
 664  8.7774339926374967e-01
 238  8.7954527951294603e-01
 802  8.8158183248431943e-01
 445  8.8517307926597188e-01
 419  8.8604212024570417e-01
 127  8.8811341811067701e-01
 454  8.9072772872001005e-01
 801  8.9083263599706730e-01
 466  8.9537236199817727e-01
 826  8.9791787442500837e-01
 647  9.0360625798888083e-01
 902  9.0680788573949966e-01
 810  9.0920825274435180e-01
 319  9.1446142180634538e-01
 524  9.1609047478362371e-01
 639  9.1744304015817291e-01
 844  9.2206437323783730e-01
 259  9.2408230264396729e-01
 346  9.2502439906055878e-01
 443  9.2954760215767118e-01
1024  9.2977213261474867e-01
 411  9.3394330387050584e-01
 856  9.3533778505526277e-01
 463  9.3633593491178968e-01
 182  9.3693797697582126e-01
  95  9.3884008295073362e-01
 809  9.4347232043440132e-01
 424  9.4388480883201531e-01
 474  9.4512113314413637e-01
 450  9.4745926879863318e-01
 790  9.4960600127557815e-01
 652  9.5256424519160177e-01
 827  9.5263978835097651e-01
 475  9.5305233148129709e-01
 338  9.5410198112480726e-01
 345  9.5412133465792992e-01
 427  9.5551287854133315e-01
 258  9.5751421525579328e-01
 282  9.5823309041502913e-01
 271  9.5879997879110956e-01
 176  9.5915816306481372e-01
 439  9.6022859130563787e-01
 347  9.6218752810444053e-01
 402  9.6401479998987194e-01
 815  9.6431388119366235e-01
 899  9.6621084912232791e-01
 237  9.6744413475116231e-01
 177  9.6824860013895997e-01
  94  9.6847540863643478e-01
 272  9.6851414144222947e-01
 449  9.6897095617149609e-01
 898  9.6955035059436334e-01
 257  9.6962160796198671e-01
 256  9.6975180874454225e-01
 789  9.7002552189188163e-01
 418  9.7135039613693896e-01
 823  9.7163627549511788e-01
 471  9.7181241520037231e-01
 451  9.7345338454588204e-01
 515  9.7657638628210486e-01
 174  9.7747542190803172e-01
 170  9.7798120579018788e-01
 334  9.7943912677323508e-01
 766  9.7961620069903343e-01
1288  9.8061337595198983e-01
 235  9.8200483044536357e-01
 246  9.8301416429863964e-01
 895  9.8304805971882647e-01
 788  9.8338544546583351e-01
 181  9.8355826462266283e-01
 518  9.8399426971457460e-01
 332  9.8403699254924759e-01
 646  9.8505203042397205e-01
 283  9.8620198202538101e-01
 444  9.8643442132417780e-01
 335  9.8716769317448783e-01
 797  9.8730068652744685e-01
 279  9.8742568917494167e-01
 175  9.8769934099578316e-01
 276  9.8853045449178734e-01
 765  9.8859656100558602e-01
 510  9.8972462767457536e-01
 245  9.9062957557866338e-01
 231  9.9071892952664997e-01
 157  9.9073696123040611e-01
 266  9.9134962775702162e-01
 169  9.9141619673226278e-01
 798  9.9254505518312741e-01
 644  9.9354542722383143e-01
 819  9.9369033754892055e-01
 442  9.9390764214176219e-01
1276  9.9392630886654554e-01
 763  9.9404859027660686e-01
 509  9.9448558928238617e-01
 156  9.9514206058049004e-01
 244  9.9514417218525886e-01
 155  9.9532984196498975e-01
 265  9.9539560412401595e-01
 329  9.9562695158213610e-01
 126  9.9569282730102238e-01
 163  9.9595672730414020e-01
 236  9.9632300645646099e-01
 799  9.9690303787065515e-01
 207  9.9692315209054205e-01
 762  9.9705671804586327e-01
 318  9.9727474843054564e-01
 223  9.9739000161921532e-01
 438  9.9746403702572695e-01
 417  9.9758231476935821e-01
 154  9.9766014881875553e-01
 638  9.9772420792522110e-01
 426  9.9775377780613417e-01
 796  9.9776893964428337e-01
 151  9.9783486918089648e-01
 125  9.9784092303741156e-01
 270  9.9793098683029291e-01
 423  9.9820010217413280e-01
 234  9.9847266274068391e-01
 410  9.9853020388372038e-01
 317  9.9858138355779236e-01
 462  9.9861359746104383e-01
 637  9.9885002849206384e-01
 813  9.9886153647346165e-01
 822  9.9888626440477324e-01
 150  9.9895670784780988e-01
 124  9.9899067030724242e-01
 807  9.9899347495113200e-01
 814  9.9902710803551442e-01
 143  9.9902997364790347e-01
 180  9.9904160722289370e-01
 441  9.9910735470402845e-01
 331  9.9916951793151176e-01
 409  9.9928764862044939e-01
 316  9.9929438823144368e-01
 422  9.9930193463280870e-01
 343  9.9933500972270806e-01
 253  9.9934445836352770e-01
 230  9.9939350942902261e-01
  93  9.9939965940157527e-01
 167  9.9949010307939445e-01
 142  9.9952776958621725e-01
 119  9.9956140080228373e-01
 400  9.9958439048168746e-01
 403  9.9964613972329308e-01
 421  9.9965067965129273e-01
 470  9.9965379821425349e-01
 448  9.9968020691226245e-01
  92  9.9971298535884712e-01
 269  9.9971494895229251e-01
 254  9.9971608667123535e-01
 437  9.9973531980598274e-01
 222  9.9974747325476798e-01
  91  9.9976491755965657e-01
 416  9.9978507686152551e-01
 398  9.9979632652242434e-01
 111  9.9979886672939755e-01
 278  9.9982634745721655e-01
 787  9.9983575555595017e-01
 415  9.9983830196174328e-01
 172  9.9984037723319430e-01
 255  9.9984682390546609e-01
 435  9.9987784410305691e-01
  90  9.9988101181070566e-01
 894  9.9989904881803637e-01
 391  9.9990027923190372e-01
 414  9.9990950487540464e-01
  87  9.9990973047371645e-01
 786  9.9991741427047154e-01
 168  9.9992482346181333e-01
 252  9.9993326674609928e-01
 764  9.9995058865118092e-01
 233  9.9995179036412285e-01
  86  9.9995260247029472e-01
 383  9.9995546585346551e-01
 785  9.9995743288551664e-01
  79  9.9995813862169725e-01
 173  9.9996910402062578e-01
 407  9.9997369908131872e-01
 330  9.9997566383174241e-01
  63  9.9997674775843248e-01
  78  9.9997793963833426e-01
 793  9.9997853314805185e-01
 795  9.9998184748624741e-01
 243  9.9998359258336567e-01
 507  9.9998575250397337e-01
 229  9.9998575458587746e-01
 440  9.9998612330418823e-01
  62  9.9998746963300955e-01
 166  9.9998796482866636e-01
 162  9.9998908265693465e-01
 242  9.9998910105539895e-01
 263  9.9998960535920967e-01
 327  9.9998973847772954e-01
  33  9.9999008116758337e-01
 761  9.9999117319709185e-01
 206  9.9999126790521708e-01
 227  9.9999142871970348e-01
 241  9.9999188177072917e-01
 760  9.9999271424440428e-01
 153  9.9999281750681168e-01
 161  9.9999291450086025e-01
 436  9.9999294445948239e-01
 759  9.9999324148605462e-01
 794  9.9999334112211913e-01
 268  9.9999341193587454e-01
 152  9.9999356759945179e-01
 205  9.9999364132964252e-01
 758  9.9999370937059195e-01
 434  9.9999373572941386e-01
 636  9.9999388032105618e-01
 221  9.9999389761417479e-01
 755  9.9999397140021151e-01
 232  9.9999401347627437e-01
 811  9.9999408793516009e-01
 203  9.9999411609861144e-01
 149  9.9999414863105063e-01
 408  9.9999415646442280e-01
 123  9.9999415936564906e-01
 200  9.9999416934886687e-01
 219  9.9999419307226345e-01
 315  9.9999421714512904e-01
 148  9.9999422918516090e-01
 122  9.9999424226019851e-01
 215  9.9999425983086232e-01
 314  9.9999426020334325e-01
 118  9.9999427072384606e-01
 147  9.9999427762956083e-01
 420  9.9999428397067791e-01
 228  9.9999428808615742e-01
 146  9.9999429058020672e-01
 121  9.9999429276020013e-01
 141  9.9999429694827502e-01
 249  9.9999430009124024e-01
 311  9.9999430019700031e-01
 110  9.9999430750951646e-01
 226  9.9999430868522710e-01
 140  9.9999431168188513e-01
 165  9.9999431522263271e-01
 251  9.9999431675627881e-01
 139  9.9999431847039477e-01
 220  9.9999431895986646e-01
 117  9.9999432025592261e-01
 401  9.9999432067634897e-01
 137  9.9999432114461695e-01
 136  9.9999432156060086e-01
 218  9.9999432191050253e-01
 131  9.9999432266752331e-01
 396  9.9999432269570832e-01
 115  9.9999432306924729e-01
 413  9.9999432348464801e-01
 109  9.9999432353257089e-01
 399  9.9999432353703066e-01
  89  9.9999432356017781e-01
 211  9.9999432359551421e-01
 382  9.9999432366549246e-01
 433  9.9999432375857589e-01
 412  9.9999432379310260e-01
 784  9.9999432379375719e-01
 107  9.9999432391088683e-01
 250  9.9999432402010291e-01
 389  9.9999432402049837e-01
 103  9.9999432408453370e-01
 406  9.9999432409327593e-01
  88  9.9999432412447409e-01
  85  9.9999432417450629e-01
 387  9.9999432417782319e-01
  84  9.9999432422107681e-01
 381  9.9999432422560597e-01
 128  9.9999432423096046e-01
 129  9.9999432423096080e-01
 130  9.9999432423096546e-01
 216  9.9999432423237433e-01
 217  9.9999432423238499e-01
  81  9.9999432423382240e-01
 210  9.9999432423410151e-01
 209  9.9999432423410628e-01
 208  9.9999432423410695e-01
  83  9.9999432423430068e-01
 379  9.9999432423610457e-01
 756  9.9999432423612233e-01
 757  9.9999432423645473e-01
  80  9.9999432423667323e-01
  82  9.9999432423681467e-01
  51  9.9999432423796020e-01
  50  9.9999432423798817e-01
 754  9.9999432423812495e-01
 753  9.9999432423814594e-01
 752  9.9999432423815460e-01
  60  9.9999432424177936e-01
  61  9.9999432424200052e-01
  55  9.9999432424242340e-01
  54  9.9999432424244539e-01
  52  9.9999432424244561e-01
  53  9.9999432424244561e-01
  77  9.9999432424246748e-01
 212  9.9999432424271861e-01
 213  9.9999432424271906e-01
 214  9.9999432424278678e-01
  57  9.9999432424280943e-01
  56  9.9999432424285994e-01
  59  9.9999432424308132e-01
  43  9.9999432424310242e-01
  36  9.9999432424310708e-01
  37  9.9999432424310708e-01
  38  9.9999432424310708e-01
  39  9.9999432424310708e-01
  40  9.9999432424310897e-01
  41  9.9999432424310897e-01
  34  9.9999432424310952e-01
  35  9.9999432424310952e-01
  42  9.9999432424310952e-01
  58  9.9999432424312096e-01
  49  9.9999432424315426e-01
  44  9.9999432424316570e-01
  45  9.9999432424316570e-01
  46  9.9999432424316592e-01
  47  9.9999432424316592e-01
  48  9.9999432424316614e-01
  73  9.9999432424354973e-01
  72  9.9999432424387980e-01
 405  9.9999432424534840e-01
 380  9.9999432424654211e-01
 376  9.9999432424664603e-01
 377  9.9999432424664603e-01
 378  9.9999432424664780e-01
  67  9.9999432424676915e-01
  76  9.9999432424686707e-01
  64  9.9999432424693624e-01
  65  9.9999432424693624e-01
  66  9.9999432424693646e-01
  75  9.9999432424775669e-01
  74  9.9999432424802392e-01
  71  9.9999432424824442e-01
 192  9.9999432424827606e-01
 190  9.9999432424827672e-01
  70  9.9999432424838797e-01
  68  9.9999432424839196e-01
  69  9.9999432424839196e-01
 386  9.9999432425031132e-01
 397  9.9999432425115509e-01
 144  9.9999432425260848e-01
 145  9.9999432425275936e-01
 164  9.9999432425304602e-01
 791  9.9999432425396695e-01
 134  9.9999432425433432e-01
 135  9.9999432425433454e-01
 133  9.9999432425434098e-01
 132  9.9999432425434187e-01
 310  9.9999432425530166e-01
 432  9.9999432425554513e-01
 138  9.9999432425572665e-01
 224  9.9999432425849488e-01
 225  9.9999432425953749e-01
 247  9.9999432425977264e-01
 240  9.9999432425986279e-01
 404  9.9999432426052459e-01
 204  9.9999432426103929e-01
 195  9.9999432426106549e-01
 194  9.9999432426106560e-01
 201  9.9999432426111656e-01
 202  9.9999432426117918e-01
 198  9.9999432426119550e-01
 199  9.9999432426119583e-01
 197  9.9999432426121926e-01
 196  9.9999432426122481e-01
 160  9.9999432426266399e-01
 116  9.9999432426305157e-01
 113  9.9999432426311352e-01
 112  9.9999432426311696e-01
  97  9.9999432426325863e-01
  96  9.9999432426325874e-01
  99  9.9999432426325896e-01
  98  9.9999432426325907e-01
 108  9.9999432426326573e-01
 114  9.9999432426329160e-01
 120  9.9999432426329937e-01
 105  9.9999432426335688e-01
 106  9.9999432426335710e-01
 104  9.9999432426335799e-01
 102  9.9999432426336932e-01
 100  9.9999432426337087e-01
 101  9.9999432426337087e-01
   0  9.9999432426356849e-01
   1  9.9999432426356849e-01
   2  9.9999432426356849e-01
   3  9.9999432426356849e-01
   4  9.9999432426357204e-01
   5  9.9999432426357204e-01
   6  9.9999432426357204e-01
   7  9.9999432426357204e-01
  16  9.9999432426359269e-01
  10  9.9999432426359558e-01
  11  9.9999432426359558e-01
   8  9.9999432426359602e-01
   9  9.9999432426359602e-01
  12  9.9999432426359613e-01
  15  9.9999432426359613e-01
  14  9.9999432426359636e-01
  13  9.9999432426359647e-01
  17  9.9999432426365376e-01
  19  9.9999432426365376e-01
  18  9.9999432426365387e-01
  25  9.9999432426365820e-01
  24  9.9999432426365853e-01
  23  9.9999432426366575e-01
  21  9.9999432426367119e-01
  20  9.9999432426367130e-01
  22  9.9999432426367163e-01
  27  9.9999432426367196e-01
  26  9.9999432426368062e-01
  31  9.9999432426368506e-01
  29  9.9999432426370882e-01
  32  9.9999432426373180e-01
  30  9.9999432426373203e-01
  28  9.9999432426373225e-01
