0 0 0 0 0 0 0 0 0 0 0 0 0 0 0 0 0 0 0 0 0 0 0 0 0 0 0 0 0 0 2 0 0 0 0 0 0 0 0 0 2 0 2 0 0 0 2 0 0 0 0 0 2 0 1 0 2 0 2 0 2 0 0 0 2 0 0 0 0 0 1 0 0 0 2 0 2 0 2 0 0 0 0 0 0 0 1 0 0 0 0 0 2 0 2 0 0 0 2 0 2 0 2 0 0 2 0 0 1 0 2 0 0 2 0 2 0 0 2 0 1 0 2 0 0 0 1 0 2 0 1 0 2 0 2 0 2 0 0 2 0 2 0 0 0 0 2 0 0 0 2 0 2 0 1 0 2 0 2 0 2 0 2 0 1 0 0 2 0 2 0 2 0 2 0 2 0 1 0 2 0 1 0 0 0 0 0 0 0 1 0 2 0 1 0 2 0 2 0 1 0 2 0 0 2 0 2 0 2 0 2 0 2 0 2 0 0 2 0 0 2 0 2 0 0 2 0 2 0 1 0 0 1 0 2 0 1 0 1 0 2 0 2 0 2 0 0 2 0 2 0 0 2 0 0 2 0 1 0 2 0 2 0 2 0 0 1 0 0 2 0 2 0 2 0 1 0 1 0 1 0 2 0 2 0 2 0 2 0 2 0 2 0 2 0 0 0 2 0 0 0 2 0 2 0 1 0 2 0 0 1 0 2 0 0 2 0 2 0 2 0 2 0 2 0 0 2 0 1 0 0 2 0 0 0 2 0 0 0 2 0 0 2 0 2 0 1 0 1 0 0 2 0 0 2 0 2 0 0 2 0 2 0 1 0 2 0 0 2 0 1 0 0 2 0 2 0 0 2 0 1 0 1 0 1 0 1 0 1 0 2 0 2 0 2 0 0 2 0 2 0 2 0 0 1 0 2 0 0 0 0 2 0 0 2 0 1 0 2 0 2 0 1 0 0 2 0 0 2 0 0 2 0 2 0 2 0 2 0 0 1 0 0 2 0 0 1 0 2 0 2 0 0 0 0 0 1 0 2 0 2 0 0 0 0 0 2 0 2 0 0 0 1 0 2 0 2 0 1 0 0 0 0 0 1 0 1 0 2 0 1 0 1 0 0 0 0 0 0 0 1 0 2 0 2 0 0 0 0 0 0 
0 0 0 0 0 0 0 0 0 0 0 0 1 0 2 0 0 0 0 2 0 0 2 0 0 2 0 0 2 0 0 1 0 0 0 0 0 0 2 0 0 0 2 0 2 0 2 0 0 0 2 0 2 0 1 0 0 0 2 0 2 0 1 0 2 0 0 2 0 0 1 0 2 0 2 0 2 0 0 2 0 2 0 2 0 2 0 2 0 2 0 0 0 1 0 2 0 2 0 2 0 2 0 0 2 0 2 0 0 2 0 2 0 2 0 2 0 2 0 2 0 2 0 1 0 2 0 2 0 2 0 2 0 0 2 0 2 0 1 0 0 2 0 2 0 2 0 0 1 0 0 2 0 1 0 2 0 1 0 2 0 1 0 2 0 1 0 2 0 2 0 2 0 2 0 2 0 2 0 2 0 0 2 0 2 0 1 0 0 2 0 0 2 0 2 0 2 0 1 0 1 0 1 0 0 2 0 0 0 2 0 2 0 0 1 0 0 1 0 0 1 0 0 2 0 2 0 0 1 0 2 0 0 2 0 0 2 0 1 0 2 0 0 2 0 0 1 0 2 0 1 0 2 0 0 
0 0 0 2 0 0 2 0 0 0 2 0 0 2 0 2 0 0 2 0 2 0 1 0 2 0 1 0 1 0 0 2 0 0 2 0 0 2 0 2 0 2 0 2 0 0 0 0 2 0 2 0 2 0 2 0 1 0 1 0 2 0 0 2 0 2 0 2 0 0 2 0 1 0 0 2 0 2 0 2 0 1 0 1 0 2 0 1 0 1 0 2 0 2 0 0 1 0 0 2 0 2 0 0 1 0 0 2 0 0 2 0 1 0 1 0 1 0 0 2 0 2 0 2 0 0 0 
0 0 2 0 1 0 2 0 2 0 1 0 1 0 2 0 2 0 1 0 1 0 0 2 0 2 0 2 0 2 0 2 0 2 0 2 0 2 0 2 0 0 1 0 0 2 0 0 1 0 2 0 1 0 0 2 0 2 0 2 0 2 0 
0 0 2 0 0 2 0 2 0 2 0 1 0 2 0 2 0 2 0 2 0 0 2 0 2 0 1 0 1 0 2 
2 0 2 0 2 0 0 2 0 2 0 2 0 1 0 
0 2 0 2 0 2 0 
0 1 0 
2 
1007  7.6243833970951008e-32
 999  1.8086658977147036e-29
1019  4.3225539059583831e-25
 943  3.7446120416917253e-23
 967  1.5522823276400561e-22
1023  8.1424033422857573e-22
 831  3.1976755811077404e-21
1015  1.0665433409337461e-19
1022  4.6061087337941582e-19
1021  6.2414982191353868e-19
 983  1.3389116292377548e-18
1017  1.5506262332087337e-18
1018  2.2066645158429458e-18
1011  2.7508762458074918e-18
1006  3.9962793855828093e-18
 939  1.1620202809387158e-17
1003  1.3143523344420778e-17
1013  2.6975382223272447e-17
1014  3.0953898392075796e-17
1020  5.2296323288339311e-17
 998  6.0353882121414941e-17
 942  1.0329987961764215e-16
 991  3.5038680619296910e-16
1005  4.5031490542042511e-16
 979  9.4788368387291859e-16
 951  1.1597695105209880e-15
 966  1.3298079886844667e-15
 997  1.3843979173569966e-15
 927  3.8130590744873184e-15
 825  4.6475544573941033e-15
 941  2.1226775701373112e-14
 907  4.2567261196928589e-14
 911  8.4745327572143820e-14
 675  1.3961592269466398e-13
 995  1.6043466384530624e-13
 879  4.5075265739356558e-13
 938  5.0153906542722080e-13
 827  6.6091777622398356e-13
 824  7.9705885167904384e-13
 819  2.0194343523363952e-12
 996  2.0557044760653222e-12
 978  4.6848362430154092e-12
 993  6.4173757108692997e-12
 830  7.8137756339051156e-12
 935  1.0815046675672389e-11
 937  1.6822206727440629e-11
 994  2.3785050209682383e-11
 931  3.2687271493898306e-11
 805  4.1664696074589284e-11
1016  4.3704411402017799e-11
1012  4.3841268161366558e-11
1010  4.3938562085222398e-11
1009  4.4133106136125343e-11
 965  7.1113002572152663e-11
1004  8.4181097226241827e-11
1002  8.4281744129971107e-11
1001  8.4483666097978999e-11
 977  1.3949324201651639e-10
 989  1.6900565643113136e-10
 829  1.7872676441509948e-10
 971  1.9586807652006778e-10
 591  2.0293546753606355e-10
 936  2.9807232524146333e-10
 990  3.5985425647937524e-10
 665  3.6915229724280903e-10
 659  3.7844267161979081e-10
 982  3.8823197643863125e-10
 981  3.8920415602138929e-10
 987  5.3890574977474077e-10
 767  5.6781211344271497e-10
 807  5.7828725123825828e-10
 992  9.5516133730796325e-10
 910  1.0059078954412985e-09
 821  1.0810802689497093e-09
 905  1.2175388118175445e-09
 674  1.2517222649134465e-09
 963  1.2993669862923218e-09
 975  1.5358933813543446e-09
 950  1.6218402402757643e-09
 949  1.6300171151464676e-09
 664  1.7395722677303655e-09
 804  1.8101071317185576e-09
 940  1.8854067266801438e-09
 815  2.2981377744640372e-09
 925  2.6405735501991872e-09
 791  2.7995638010553246e-09
 667  2.8281241976749984e-09
 947  3.2692376600143174e-09
 959  3.4634009857607220e-09
 828  3.4837764900984693e-09
 899  3.5075393129660882e-09
 878  4.0485606013019253e-09
 976  4.5869192607476221e-09
 906  5.9560527725626027e-09
 673  6.6014372599608008e-09
 707  7.9145803162684244e-09
 961  7.9768739435538820e-09
 964  8.7566577998043540e-09
 868  1.0940187170307645e-08
 926  1.3453777664889979e-08
 934  2.0883641350610778e-08
 891  2.3068170026124825e-08
 919  2.4353832413331052e-08
 818  2.7180206629523342e-08
 817  2.7902963639403933e-08
 617  3.3829043520601321e-08
 903  4.2750698750835151e-08
 923  5.6168971618384601e-08
 962  6.2576765307632400e-08
 800  6.7139937201452242e-08
 904  7.5119206533391608e-08
 898  8.3945836838068602e-08
 823  8.9551341625817096e-08
 855  8.9997761515635399e-08
 876  9.1920916238500013e-08
 814  9.3382041117420907e-08
 783  1.1369692611266311e-07
 909  1.1525872793065351e-07
 826  1.4547828361187775e-07
 873  2.2027973344715570e-07
 658  2.4479652568815880e-07
 960  2.5373758944450498e-07
 672  3.4012820466672950e-07
 801  3.4713534357924763e-07
 877  3.9094332501961492e-07
 657  4.6289270107351599e-07
 590  5.1427929909421947e-07
 797  7.0419635046608863e-07
 666  7.4495496488324749e-07
 588  7.5068250673320234e-07
 651  9.1414792684922397e-07
1008  1.2475194876401801e-06
1000  1.2681708488770993e-06
 988  1.3077010468095276e-06
 986  1.3859464904481220e-06
 872  1.5210520013518016e-06
 552  2.2337355903026013e-06
 661  2.3897121114546959e-06
 980  2.6612716502287651e-06
 974  2.8963718131618253e-06
 930  3.1055366179753473e-06
 929  3.1067098389210816e-06
 933  3.1210044809022074e-06
 663  3.5739872895559653e-06
 585  3.6781265329164707e-06
 813  3.9377070561282007e-06
 985  4.1514106650294943e-06
 970  5.0955053691872714e-06
 649  5.1929308802472041e-06
 969  5.2996948330405522e-06
 755  5.3910160934466129e-06
 820  5.5897477853930149e-06
 706  5.8164495263764903e-06
 589  5.9794006208078416e-06
 811  6.4500468785214649e-06
 932  6.6207963943048578e-06
 948  8.0369423931563267e-06
 973  8.0504319222998560e-06
 946  8.2377618513744495e-06
 945  8.6317007685385996e-06
 655  1.0134373693517372e-05
 958  1.0269673846456200e-05
 957  1.0562597402602511e-05
 705  1.1284591968638312e-05
 806  1.1402015954267282e-05
 924  1.1476706233611127e-05
 766  1.1529870783267944e-05
 896  1.1599779965212025e-05
 765  1.1645455555889379e-05
 922  1.1718783527025811e-05
 401  1.1982435262509774e-05
 796  1.2888617564439668e-05
 908  1.4097827615049559e-05
 656  1.5327662630459892e-05
 616  1.5432416009264794e-05
 888  1.5665037149732031e-05
 921  1.6756477167200860e-05
 699  1.9083429309450843e-05
 822  1.9134975834065880e-05
 955  1.9410574855258659e-05
 763  1.9429131463179718e-05
 816  2.1626824005652624e-05
 803  2.1999000890485596e-05
 918  2.2868875785195817e-05
 866  2.4283357744213340e-05
 648  2.5145852064607500e-05
 613  2.6613056696234544e-05
 917  2.9881124384576096e-05
 698  3.0805737098471175e-05
 897  3.0807570767566821e-05
 560  3.1541462077858027e-05
 890  3.2568740884986510e-05
 762  3.3163992384764243e-05
 865  3.3583263792565686e-05
 889  3.6333300952872878e-05
 902  3.7305441022674681e-05
 584  3.9073274322968899e-05
 691  4.0628687309329999e-05
 612  4.6484246987891942e-05
 790  4.6745355339116869e-05
 789  4.8323493507766003e-05
 895  5.0570047077310995e-05
 915  5.1895671812165140e-05
 885  6.0430213613111631e-05
 743  6.0657228848426312e-05
 864  6.1279063938637297e-05
 787  6.6747199186259829e-05
 356  6.7428852857241405e-05
 901  6.8480369688876864e-05
 894  7.1729972172366051e-05
 875  7.6919399126977196e-05
 874  7.8831329839317132e-05
 799  8.4029178304954045e-05
 928  8.4833712541988729e-05
 812  8.9706443112307573e-05
 782  9.1717500096907587e-05
 810  9.2724544055307616e-05
 599  9.7079976342271648e-05
 793  1.1854806022386243e-04
 861  1.2105917159335202e-04
 869  1.2767499293479370e-04
 849  1.2897780241773161e-04
 854  1.3015607886443333e-04
 531  1.4130481532463474e-04
 644  1.4683874710484611e-04
 781  1.7448414624243448e-04
 871  1.9663713365807600e-04
 586  2.3109032940523617e-04
 577  3.0639565537221694e-04
 853  3.1275547272488540e-04
 587  3.2331050103247147e-04
 779  3.6320775464143950e-04
 852  3.9690273389345049e-04
 775  4.4894765758157822e-04
 549  4.4898221364759669e-04
 580  4.5932337577481776e-04
 764  5.5036226495238489e-04
 550  5.7918050709202787e-04
 843  6.2473596186406297e-04
 662  6.2626580156443905e-04
 660  6.5569945156275077e-04
 645  6.7850069471289372e-04
 650  6.9827761631634461e-04
 583  7.6369857917022799e-04
 654  7.9575522062978223e-04
 581  9.0233490382001164e-04
 704  9.0718161801823843e-04
 690  9.5299693210790508e-04
 893  9.8633422561591653e-04
 548  1.0049453824933956e-03
 399  1.0561507493812509e-03
 984  1.1049687425759779e-03
 754  1.1412543410669342e-03
 972  1.1543176711105174e-03
 968  1.2367106070634137e-03
 397  1.2494677544690081e-03
 697  1.2717983425059437e-03
 761  1.3754814145743946e-03
 752  1.4045942812791192e-03
 647  1.4333260539585863e-03
 956  1.4438826343521427e-03
 653  1.4767069398976356e-03
 641  1.6350252536063302e-03
 809  1.6832161411619228e-03
 944  1.7176491270226822e-03
 753  1.7388325826311779e-03
 396  1.7591642743216241e-03
 954  1.7674779487544456e-03
 742  1.8424962561425955e-03
 920  1.8683396545750141e-03
 695  1.9651751022172243e-03
 802  2.0308303346578309e-03
 916  2.1230747090465484e-03
 759  2.1470981841085037e-03
 696  2.2309289527534322e-03
 953  2.3481772702301047e-03
 798  2.4184732350996047e-03
 760  2.4582912576824913e-03
 914  2.5272341746460647e-03
 558  2.5761712676119161e-03
 749  2.6062410410526895e-03
 863  2.6548821790131137e-03
 611  2.7142779149033438e-03
 694  2.9936127889523419e-03
 788  3.1097665959343816e-03
 610  3.1487288823865297e-03
 795  3.2209372187208649e-03
 758  3.3127595115205605e-03
 887  3.3487854563961144e-03
 393  3.4778102152750014e-03
 900  3.6461130145263709e-03
 576  3.8135794574984472e-03
 786  3.8241965465085166e-03
 884  3.8729512103631960e-03
 689  3.9770901973266142e-03
 609  4.0058781820381077e-03
 557  4.1438185707982694e-03
 354  4.4229163944196305e-03
 808  4.5850756613445296e-03
 598  4.9026073917717260e-03
 785  5.0857183644297957e-03
 882  5.2022395913634062e-03
 780  5.2178073124432350e-03
 892  5.3203486721101643e-03
 535  5.3341767528956637e-03
 870  5.4165294413611349e-03
 345  5.5422568882699192e-03
 913  5.6405376334954403e-03
 556  6.2691882044363179e-03
 886  6.3352326341445152e-03
 860  6.6068737091664869e-03
 741  6.6230745911131832e-03
 597  6.6697209658524445e-03
 353  6.7232231427238314e-03
 778  6.8674525569828275e-03
 867  6.9613530750688296e-03
 848  7.1416269355747261e-03
 640  7.2288657359970976e-03
 842  8.1744005015365294e-03
 883  8.2215043620454606e-03
 642  8.7535639590440775e-03
 858  9.1885603133484619e-03
 521  9.7524713297493116e-03
 530  9.7700999586106743e-03
 529  9.8526987710229174e-03
 792  1.0097562805369638e-02
 596  1.0135215931252869e-02
 862  1.0292276668327214e-02
 851  1.1500327660826442e-02
 348  1.1579405047223851e-02
 739  1.1728088751563203e-02
 774  1.1809845585654444e-02
 582  1.2383262723354405e-02
 683  1.2992403488497523e-02
 367  1.3678815080067144e-02
 687  1.3679051167318027e-02
 859  1.4055968715089110e-02
 850  1.5561874927944946e-02
 777  1.6018552572858901e-02
 547  1.7273130039301299e-02
 846  1.7651230887318365e-02
 578  1.9783713155784532e-02
 544  2.3878826645854508e-02
 643  2.4008489351689841e-02
 573  2.4092614116361499e-02
 847  2.4856820638252380e-02
 681  2.4988743752460327e-02
 392  2.5179423278662905e-02
 466  2.5465467986472177e-02
 773  2.7615231807140209e-02
 646  2.8071961776195135e-02
 572  2.8135912973493854e-02
 579  2.8817069366504734e-02
 841  2.9815334490138387e-02
 748  3.0227485627283186e-02
 524  3.0616604703456195e-02
 652  3.0901395404321887e-02
 688  3.0916470511924928e-02
 545  3.1412260221564556e-02
 340  3.2673082111733386e-02
 395  3.4827079836426418e-02
 546  3.9290127513870871e-02
 575  4.0695179029664852e-02
 735  4.1267668480251138e-02
 724  4.2760661636030373e-02
 771  4.5006462180554478e-02
 751  4.8157001705020692e-02
 693  4.9364270526763267e-02
 394  4.9510574134514748e-02
 639  5.2409004175827230e-02
 740  5.2970004333905973e-02
 757  5.3267894253057307e-02
 344  5.5796644144411059e-02
 636  5.6002188397357329e-02
 728  6.2390973042265457e-02
 952  6.5287546869386037e-02
 912  6.8492011937482361e-02
 692  6.8574418018441885e-02
 794  6.8746174690942435e-02
 569  6.8882841609239964e-02
 608  6.9029404444998138e-02
 756  7.3025203757559887e-02
 738  7.9929476628118348e-02
 835  8.1993337073550082e-02
 555  8.2052379391004723e-02
 637  8.2845576452626801e-02
 839  8.7139036323147775e-02
 633  9.1332705934763295e-02
 784  9.2907395217629751e-02
 491  9.3585230979664855e-02
 520  9.7501643466440593e-02
 534  1.0059894385888436e-01
 528  1.0103241021236768e-01
 745  1.0317069522579117e-01
 352  1.0361385063129361e-01
 750  1.0404398499044348e-01
 880  1.0674301451139799e-01
 595  1.1161403761837757e-01
 516  1.1223701166764813e-01
 686  1.1402202936611296e-01
 554  1.1647827711799066e-01
 881  1.2034500695649424e-01
 680  1.2656906154545794e-01
 389  1.2876684066177252e-01
 391  1.2972557585195482e-01
 776  1.3222277150441045e-01
 533  1.4394843272018445e-01
 840  1.4689868255527119e-01
 856  1.5016408174598211e-01
 594  1.5400835325390350e-01
 346  1.5449918651963501e-01
 285  1.5539121858707053e-01
 553  1.6271609896257050e-01
 341  1.6607298854550454e-01
 857  1.6864503602969941e-01
 638  1.7241659617464111e-01
 366  1.7330986953765326e-01
 627  1.7380729996302058e-01
 682  1.7487841670028922e-01
 287  1.7898935005396890e-01
 737  1.8197096173165161e-01
 388  1.8486849436963446e-01
 747  1.8683513919687531e-01
 772  1.8789430090125320e-01
 337  1.9936351665289700e-01
 497  2.0268645867925827e-01
 593  2.0900697115103736e-01
 685  2.0935967908719783e-01
 844  2.1723851472394057e-01
 517  2.2296766248465408e-01
 845  2.3793549802257685e-01
 365  2.4081967596374254e-01
 464  2.4518073533596849e-01
 571  2.4624039571198700e-01
 568  2.5265543270524787e-01
 733  2.5553511210855712e-01
 770  2.5810797491254367e-01
 542  2.6060705354546621e-01
 574  2.6194394880484057e-01
 343  2.7167690796805410e-01
 522  2.7284079961709501e-01
 570  2.7899696036467075e-01
 543  2.7992562723539988e-01
 527  2.9020919637815551e-01
 541  2.9191246264823528e-01
 338  2.9228479397343698e-01
 323  3.0923788829904347e-01
 721  3.2501299617582213e-01
 734  3.2573027406902921e-01
 461  3.2619342076826052e-01
 364  3.2676277084625738e-01
 722  3.2736130595377638e-01
 632  3.2856694719806501e-01
 513  3.4413214359871669e-01
 838  3.4423440366477803e-01
 677  3.5669733156816535e-01
 223  3.6419921108504139e-01
 679  3.7487129207152137e-01
 634  3.8827855693525387e-01
 769  3.9012179964279831e-01
 726  3.9230421763187634e-01
 460  3.9712298367772897e-01
 519  4.2168779439152293e-01
 540  4.2195846692413103e-01
 390  4.2851864881412233e-01
 490  4.3644389126788441e-01
 834  4.4364713693544705e-01
 732  4.4538007603798468e-01
 635  4.4868856129967222e-01
 361  4.7041361433301371e-01
 336  4.7828601580370222e-01
 671  4.8028531825192095e-01
 330  4.8095175251923405e-01
 725  4.9147391356308406e-01
 744  4.9270511492323849e-01
 736  4.9388869968968779e-01
 284  5.0770766049369564e-01
 837  5.1908828709305499e-01
 626  5.2095589198733205e-01
 514  5.2983248631969837e-01
 833  5.3998324075520177e-01
 565  5.4632374394591088e-01
 715  5.5223497272721100e-01
 567  5.5530493348981946e-01
 331  5.5818023891429980e-01
 457  5.5983156355406638e-01
 489  5.6249592000375814e-01
 387  5.6423571005826190e-01
 131  5.6512207726696662e-01
 532  5.7380242994428032e-01
 684  5.7739024406162642e-01
 746  5.8340229427692902e-01
 564  5.9390202727323227e-01
 629  5.9658786786698814e-01
 551  6.0737359110021116e-01
 339  6.1675910881130069e-01
 506  6.2304840725023170e-01
 286  6.3169033820953002e-01
 631  6.5627027933129256e-01
 512  6.5799285901125182e-01
 714  6.6055369799055697e-01
 386  6.6229323358169900e-01
 496  6.6409099193313970e-01
 592  6.6657795022999311e-01
 342  6.8361378726607458e-01
 625  6.8880718804593877e-01
 483  6.9459506943043359e-01
 515  6.9726657851639051e-01
 720  7.0537831876482981e-01
 281  7.0695743002365663e-01
 335  7.1257376822397944e-01
 431  7.1961887953039216e-01
 678  7.2047708986860837e-01
 526  7.2491447449250601e-01
 363  7.2975605272571231e-01
 385  7.4957116407139679e-01
 493  7.5228236001971527e-01
 322  7.6091185445636000e-01
 731  7.7026565999512298e-01
 525  7.7887910578627273e-01
 768  7.8014712442602840e-01
 539  7.8575436887822503e-01
 507  7.8973606859716983e-01
 475  8.0127802729136355e-01
 275  8.0723808977751754e-01
 362  8.0730928122436463e-01
 459  8.0811831577739901e-01
 222  8.0876754968513687e-01
 360  8.1349867556910727e-01
 676  8.1479378333059937e-01
 430  8.1515915336042011e-01
 619  8.1744911173587065e-01
 518  8.2376732049227563e-01
 280  8.2545261196955788e-01
 311  8.2557042368535571e-01
 566  8.3991598725459837e-01
 283  8.4094993160028886e-01
 321  8.4200671058507481e-01
 836  8.4445593709743538e-01
 729  8.4524351737206860e-01
 333  8.4548568313497796e-01
 719  8.5324866196983329e-01
 458  8.5384114570749359e-01
 511  8.6746599511363631e-01
 456  8.6930568945066866e-01
 538  8.7306559273357032e-01
 221  8.7633334832764531e-01
 263  8.8439185526818198e-01
 482  8.8566676432576463e-01
 537  8.8852767167208990e-01
 670  8.9080310907440097e-01
 623  8.9095107826917785e-01
 607  8.9153471229097936e-01
 328  8.9479772055229612e-01
 730  8.9567115089151039e-01
 723  8.9806180760426968e-01
 274  9.0190028660481303e-01
 509  9.0312715858678150e-01
 315  9.0401573342193220e-01
 630  9.0538416881638606e-01
 488  9.1157083709987352e-01
 334  9.1347358366970410e-01
 832  9.1686770683138941e-01
 487  9.1927641357708700e-01
 219  9.2320118853173583e-01
 130  9.2633259829872983e-01
 563  9.3008217011586425e-01
 669  9.3067870569972277e-01
 357  9.3177452815487527e-01
 329  9.3230477443178794e-01
 326  9.3475457673958051e-01
 713  9.3573128177681120e-01
 624  9.3582299225591858e-01
 247  9.3750657956779337e-01
 628  9.3894624753289913e-01
 562  9.4086959290493488e-01
 504  9.4818960787356588e-01
 127  9.5429921329242406e-01
 215  9.5618082862615084e-01
 453  9.5738716176824834e-01
 310  9.5797037635289006e-01
 327  9.6044595929286913e-01
 712  9.6139579050564272e-01
 359  9.6155480978992935e-01
 711  9.6270070403366148e-01
 351  9.6285134790416149e-01
 561  9.6448453401194878e-01
 262  9.6754121177376706e-01
 449  9.6920427546066901e-01
 501  9.6954108582766996e-01
 452  9.7042823046822335e-01
 717  9.7090078529789758e-01
 510  9.7214859545466792e-01
 123  9.7383425228864395e-01
 207  9.7680906477481555e-01
 455  9.7758469524983893e-01
 384  9.7809985945825295e-01
 481  9.7832328570422977e-01
 282  9.7856674663900667e-01
 710  9.7866015287193153e-01
 492  9.7871405014327328e-01
 429  9.8001489649321705e-01
 718  9.8126377733812720e-01
 500  9.8314651058698488e-01
 523  9.8338507191887015e-01
 622  9.8547909498497122e-01
 474  9.8598563654271976e-01
 119  9.8638153403078754e-01
 505  9.8677246344405589e-01
 279  9.8811789147340179e-01
 703  9.8849061752624101e-01
 618  9.8856738896558438e-01
 428  9.8916929703419698e-01
 159  9.8928337034596481e-01
 427  9.8944677682099647e-01
 319  9.8969055883478319e-01
 320  9.8975833555363923e-01
 278  9.9175632419147342e-01
 273  9.9192240927122832e-01
 332  9.9206606787610430e-01
 727  9.9211303588889765e-01
 473  9.9253901660234223e-01
 503  9.9304312097112646e-01
 309  9.9361905875898870e-01
 118  9.9364409369677509e-01
 220  9.9374148010235308e-01
 615  9.9379078809230958e-01
 426  9.9452875742149693e-01
 423  9.9479037571424667e-01
 486  9.9503043216552156e-01
 277  9.9556807885915644e-01
 606  9.9585353366282525e-01
 536  9.9588705598567839e-01
 358  9.9595825711355768e-01
 467  9.9616468775171441e-01
 480  9.9654850552860386e-01
 307  9.9678932596049008e-01
 314  9.9692425489128178e-01
 479  9.9694270726119216e-01
 508  9.9695084080357099e-01
  95  9.9700076290098261e-01
 272  9.9711075936133808e-01
 422  9.9743120147145803e-01
 261  9.9749753025389687e-01
 415  9.9755236921678347e-01
 218  9.9761593243056701e-01
 621  9.9769369753775128e-01
 605  9.9784209684396286e-01
 454  9.9799554667206447e-01
 668  9.9840967631502542e-01
 313  9.9844320527207864e-01
 355  9.9855442801993965e-01
 324  9.9863218135991505e-01
  63  9.9863591594809953e-01
 271  9.9864009613221250e-01
 246  9.9869428603644650e-01
 270  9.9873376114692225e-01
 478  9.9874144122675501e-01
 411  9.9881943575186427e-01
 259  9.9882973595804436e-01
 485  9.9885595369485281e-01
 604  9.9893192537619990e-01
 295  9.9895246234985757e-01
 217  9.9900855195786198e-01
 303  9.9918255338205997e-01
 191  9.9927508422140865e-01
 126  9.9929395307675506e-01
 214  9.9934663625630371e-01
 245  9.9938210052447729e-01
 267  9.9940370749779694e-01
 350  9.9951936036029998e-01
 308  9.9955727533698002e-01
 443  9.9955825073329019e-01
 559  9.9959641710143132e-01
 213  9.9959796434464376e-01
 451  9.9963979629404986e-01
 325  9.9964462847415869e-01
 448  9.9968172540244038e-01
 716  9.9972083972362391e-01
 260  9.9972738044995924e-01
 709  9.9973081303430600e-01
 450  9.9973788634410377e-01
 243  9.9974865370099186e-01
 122  9.9976828586313682e-01
 349  9.9976883509884906e-01
 206  9.9979346693774751e-01
 318  9.9981372519723766e-01
 306  9.9982727036603802e-01
 499  9.9983372986608843e-01
 238  9.9986301282650913e-01
 708  9.9986476347060427e-01
 446  9.9986565466762023e-01
 212  9.9988399549531859e-01
 255  9.9989228237573968e-01
 258  9.9989554051271845e-01
 121  9.9990800083497544e-01
 498  9.9991706933599134e-01
 302  9.9992852708070923e-01
 205  9.9993447952812353e-01
 383  9.9994158488380847e-01
 620  9.9994795840862305e-01
 447  9.9995005242348189e-01
 254  9.9995231703115672e-01
 702  9.9995438505206957e-01
 158  9.9996385584323610e-01
 442  9.9997266888791858e-01
 471  9.9997330678709140e-01
 495  9.9997652200229858e-01
 472  9.9997839658548437e-01
 203  9.9998093892585838e-01
 701  9.9998150280151177e-01
 502  9.9998285134757481e-01
 117  9.9998356139003075e-01
 317  9.9998486521812247e-01
 614  9.9998588633029661e-01
 425  9.9998614219775561e-01
 157  9.9998905733728294e-01
 239  9.9999025913087469e-01
 199  9.9999121546697156e-01
 276  9.9999217108466987e-01
 116  9.9999222252829900e-01
 424  9.9999262970950742e-01
 484  9.9999393608427189e-01
 190  9.9999435968302031e-01
 115  9.9999541019770077e-01
  94  9.9999571104482510e-01
 465  9.9999592316785990e-01
 155  9.9999652786243187e-01
 114  9.9999666271773446e-01
 421  9.9999679044964196e-01
 414  9.9999687978918839e-01
 463  9.9999759505354147e-01
 151  9.9999769757070445e-01
 477  9.9999777718181881e-01
 420  9.9999778474402068e-01
 111  9.9999787070636836e-01
 312  9.9999795800467062e-01
 305  9.9999804524143521e-01
 216  9.9999817777238675e-01
 419  9.9999819032774473e-01
  62  9.9999819358221043e-01
 143  9.9999823363344276e-01
 410  9.9999824477778088e-01
 107  9.9999828394965684e-01
  93  9.9999836551752619e-01
 413  9.9999838129497209e-01
 418  9.9999841179223614e-01
 294  9.9999842456708288e-01
 603  9.9999845121667141e-01
 476  9.9999849968431964e-01
 106  9.9999850122961265e-01
 268  9.9999856293752643e-01
 602  9.9999859498313615e-01
 266  9.9999864540576044e-01
 244  9.9999864606708000e-01
 269  9.9999866594386355e-01
 601  9.9999868694704674e-01
 409  9.9999869797320140e-01
  91  9.9999870642322108e-01
 293  9.9999871468802304e-01
 257  9.9999872000262713e-01
  61  9.9999872300195380e-01
  87  9.9999873854931542e-01
 301  9.9999874149150447e-01
 291  9.9999874470371963e-01
 242  9.9999874788403509e-01
 470  9.9999874855381110e-01
 404  9.9999875190182130e-01
  82  9.9999875508460023e-01
 265  9.9999875673484284e-01
  59  9.9999876117439090e-01
 189  9.9999876162445123e-01
 441  9.9999876291734235e-01
 299  9.9999876354358141e-01
 316  9.9999876474774085e-01
  55  9.9999876641237895e-01
 436  9.9999876674545862e-01
  47  9.9999876699397305e-01
 347  9.9999876738904780e-01
 381  9.9999876778075014e-01
 382  9.9999876804644805e-01
 377  9.9999876887587857e-01
 120  9.9999876903638851e-01
 380  9.9999876907893803e-01
 204  9.9999876919651631e-01
  35  9.9999876933142273e-01
 304  9.9999876972357604e-01
 211  9.9999876982078673e-01
 187  9.9999877015166427e-01
 444  9.9999877044292618e-01
 241  9.9999877068146736e-01
 209  9.9999877091053679e-01
 183  9.9999877093480616e-01
 494  9.9999877132638215e-01
 439  9.9999877132692372e-01
 175  9.9999877132843407e-01
 236  9.9999877139694238e-01
 202  9.9999877140193383e-01
 300  9.9999877144923777e-01
 256  9.9999877150171601e-01
 210  9.9999877153674555e-01
 253  9.9999877157023842e-01
 233  9.9999877158454376e-01
 228  9.9999877167372830e-01
 700  9.9999877167454898e-01
 181  9.9999877170622353e-01
 180  9.9999877170623164e-01
 176  9.9999877170623375e-01
 177  9.9999877170623375e-01
 178  9.9999877170623375e-01
 179  9.9999877170623375e-01
 186  9.9999877171238727e-01
 184  9.9999877171267904e-01
 185  9.9999877171267904e-01
 188  9.9999877171560536e-01
 174  9.9999877171594309e-01
 168  9.9999877171597507e-01
 169  9.9999877171597507e-01
 166  9.9999877171598428e-01
 167  9.9999877171598428e-01
 171  9.9999877171598484e-01
 164  9.9999877171598528e-01
 165  9.9999877171598528e-01
 170  9.9999877171598539e-01
 172  9.9999877171598650e-01
 160  9.9999877171598728e-01
 161  9.9999877171598728e-01
 162  9.9999877171598739e-01
 163  9.9999877171598739e-01
 173  9.9999877171598794e-01
 182  9.9999877171685791e-01
 297  9.9999877171705986e-01
 252  9.9999877171784657e-01
 445  9.9999877173750018e-01
 156  9.9999877174788687e-01
 440  9.9999877174818441e-01
 251  9.9999877175070018e-01
 198  9.9999877175114327e-01
 437  9.9999877175214769e-01
 249  9.9999877175390739e-01
 201  9.9999877175536900e-01
 200  9.9999877175585661e-01
 195  9.9999877175746077e-01
 194  9.9999877176074925e-01
 192  9.9999877176075236e-01
 193  9.9999877176075236e-01
 372  9.9999877176080687e-01
 373  9.9999877176080698e-01
 368  9.9999877176081087e-01
 369  9.9999877176081087e-01
 370  9.9999877176081187e-01
 371  9.9999877176081187e-01
 375  9.9999877176081431e-01
 374  9.9999877176081453e-01
 376  9.9999877176081631e-01
 226  9.9999877176151064e-01
 227  9.9999877176151075e-01
 225  9.9999877176151197e-01
 224  9.9999877176151220e-01
 237  9.9999877176308538e-01
 433  9.9999877176315533e-01
 432  9.9999877176315544e-01
 435  9.9999877176320029e-01
 434  9.9999877176320040e-01
 235  9.9999877176343388e-01
 234  9.9999877176348917e-01
 469  9.9999877176382579e-01
 232  9.9999877176446228e-01
 229  9.9999877176447693e-01
 231  9.9999877176449592e-01
 230  9.9999877176449603e-01
 248  9.9999877176627772e-01
 197  9.9999877176635177e-01
 196  9.9999877176642138e-01
 128  9.9999877176891239e-01
 124  9.9999877176891327e-01
 129  9.9999877176891439e-01
 125  9.9999877176891516e-01
 438  9.9999877177061336e-01
 378  9.9999877177084073e-01
 379  9.9999877177084295e-01
 400  9.9999877177137431e-01
 398  9.9999877177137475e-01
 250  9.9999877177263274e-01
 154  9.9999877177457674e-01
 296  9.9999877177488117e-01
 298  9.9999877177532492e-01
 468  9.9999877177617169e-01
 240  9.9999877177639296e-01
 113  9.9999877177654795e-01
 112  9.9999877177656227e-01
 600  9.9999877177677809e-01
 150  9.9999877177685048e-01
 132  9.9999877177691932e-01
 133  9.9999877177691932e-01
 134  9.9999877177691932e-01
 135  9.9999877177691932e-01
 142  9.9999877177702956e-01
 140  9.9999877177710295e-01
 141  9.9999877177710494e-01
 147  9.9999877177716456e-01
 146  9.9999877177716490e-01
 145  9.9999877177717589e-01
 144  9.9999877177717611e-01
 136  9.9999877177718666e-01
 137  9.9999877177718677e-01
 138  9.9999877177719265e-01
 139  9.9999877177719265e-01
 152  9.9999877177720875e-01
 153  9.9999877177721352e-01
 149  9.9999877177721974e-01
 148  9.9999877177722007e-01
 208  9.9999877177880392e-01
 462  9.9999877178173002e-01
 402  9.9999877178205165e-01
 403  9.9999877178205254e-01
 408  9.9999877178295482e-01
 416  9.9999877178363006e-01
 405  9.9999877178391472e-01
 417  9.9999877178401775e-01
  36  9.9999877178415886e-01
  37  9.9999877178415908e-01
  38  9.9999877178415908e-01
  39  9.9999877178415908e-01
 110  9.9999877178467811e-01
  50  9.9999877178500429e-01
  51  9.9999877178500429e-01
  52  9.9999877178501329e-01
  53  9.9999877178501451e-01
  48  9.9999877178501584e-01
  49  9.9999877178501584e-01
 407  9.9999877178504903e-01
 289  9.9999877178513841e-01
 288  9.9999877178514007e-01
  56  9.9999877178517393e-01
  57  9.9999877178517438e-01
  44  9.9999877178517793e-01
  45  9.9999877178517793e-01
  46  9.9999877178517793e-01
 290  9.9999877178518914e-01
  40  9.9999877178518970e-01
  41  9.9999877178518970e-01
  42  9.9999877178518970e-01
  43  9.9999877178518970e-01
 292  9.9999877178519547e-01
 109  9.9999877178520968e-01
 108  9.9999877178520991e-01
 406  9.9999877178523855e-01
  60  9.9999877178525842e-01
  54  9.9999877178528196e-01
  58  9.9999877178528729e-01
   8  9.9999877178704788e-01
   9  9.9999877178704788e-01
  10  9.9999877178704788e-01
  11  9.9999877178704788e-01
  13  9.9999877178704788e-01
  14  9.9999877178704788e-01
  15  9.9999877178704788e-01
  12  9.9999877178704799e-01
   4  9.9999877178705610e-01
   5  9.9999877178705610e-01
   6  9.9999877178705610e-01
   7  9.9999877178705610e-01
   0  9.9999877178705621e-01
   1  9.9999877178705621e-01
   2  9.9999877178705632e-01
   3  9.9999877178705632e-01
 264  9.9999877178745655e-01
 412  9.9999877178794394e-01
  68  9.9999877178857322e-01
  69  9.9999877178857322e-01
  70  9.9999877178857333e-01
  71  9.9999877178857333e-01
  64  9.9999877178857588e-01
  65  9.9999877178857588e-01
  66  9.9999877178857599e-01
  67  9.9999877178857599e-01
  27  9.9999877178858787e-01
  24  9.9999877178858798e-01
  25  9.9999877178858798e-01
  26  9.9999877178858798e-01
  28  9.9999877178858898e-01
  29  9.9999877178858898e-01
  32  9.9999877178858920e-01
  33  9.9999877178858942e-01
  34  9.9999877178858976e-01
  30  9.9999877178859065e-01
  31  9.9999877178859065e-01
  16  9.9999877178859142e-01
  17  9.9999877178859142e-01
  18  9.9999877178859153e-01
  19  9.9999877178859153e-01
  21  9.9999877178859242e-01
  22  9.9999877178859242e-01
  23  9.9999877178859242e-01
  20  9.9999877178859253e-01
  83  9.9999877178885788e-01
 104  9.9999877178890406e-01
  92  9.9999877178894048e-01
  89  9.9999877178897478e-01
  88  9.9999877178897489e-01
  78  9.9999877178897856e-01
  79  9.9999877178897878e-01
  80  9.9999877178897878e-01
  76  9.9999877178897889e-01
  77  9.9999877178897889e-01
  81  9.9999877178897911e-01
  72  9.9999877178900287e-01
  73  9.9999877178900287e-01
  74  9.9999877178900287e-01
  75  9.9999877178900287e-01
  84  9.9999877178904972e-01
  85  9.9999877178904983e-01
  86  9.9999877178905006e-01
  99  9.9999877178905072e-01
  96  9.9999877178905083e-01
  97  9.9999877178905083e-01
  98  9.9999877178905083e-01
  90  9.9999877178905139e-01
 100  9.9999877178913954e-01
 101  9.9999877178913987e-01
 105  9.9999877178915653e-01
 103  9.9999877178919261e-01
 102  9.9999877178919383e-01
