0 0 0 1 0 0 1 0 0 0 1 0 1 0 0 0 1 0 1 0 1 0 1 0 1 0 1 0 1 0 1 0 1 0 1 0 1 0 1 0 1 0 1 0 1 0 1 0 0 1 0 0 1 0 0 0 1 0 1 0 0 0 0 
0 0 1 0 0 1 0 0 1 0 1 0 1 0 1 0 1 0 1 0 1 0 1 0 0 1 0 0 1 0 0 
0 1 0 0 1 0 1 0 1 0 1 0 0 1 0 
0 0 1 0 1 0 0 
0 1 0 
0 
 127  1.2691269070955439e-15
 119  1.1046596717300746e-10
 126  2.1546044075923532e-10
 125  2.1655881564858347e-10
 123  4.1976735082707579e-10
 118  1.9796576157572048e-09
  95  2.7431026724754690e-09
  94  5.5026434785624500e-08
 124  2.3634552440230662e-06
 122  2.4090926183578791e-06
 121  2.4908037956500654e-06
 117  4.3583368555811508e-06
 115  5.2402054121341412e-06
 107  6.0153792665065613e-06
 111  8.4691960708948934e-06
 116  8.7526140111267788e-06
 114  9.1282892700286693e-06
  93  2.6207611215448488e-05
 106  2.9697111855997972e-05
  91  3.0841313479242427e-05
  87  4.9967343804667513e-05
  92  5.1091714531872109e-05
  90  5.3054292434426417e-05
  79  5.8973813746202569e-05
  86  9.2975808949249570e-05
  78  1.9304156127500398e-04
  63  2.6490186602683890e-04
  62  6.2055474607633694e-04
 113  6.3020700394558478e-04
 120  7.4144585569051267e-04
 110  9.2585617712607419e-04
 109  1.1069802445635155e-03
 112  1.1696157856468017e-03
 105  1.2686512670508450e-03
 103  1.9027009488620616e-03
  89  2.1561711938332829e-03
 104  2.1630150730867445e-03
  85  2.8977214940844320e-03
 101  2.9258143131175897e-03
  88  3.9411233583753992e-03
  83  4.2711519738746484e-03
 100  4.5568876621252296e-03
  84  5.1537775064347457e-03
  77  5.3482715779181195e-03
  31  6.2636988366433742e-03
  82  7.0281382353003380e-03
  75  8.1879976435100289e-03
  76  9.1401763346770238e-03
  74  1.3394404492519245e-02
  61  1.3900817032067131e-02
  71  1.4676844655033326e-02
  59  2.1941327750925627e-02
  60  2.3051798503229019e-02
  70  2.5082873513220631e-02
  58  3.5408118513556346e-02
 108  3.5607876755689910e-02
  55  4.1321553958505668e-02
 102  4.7254988876339540e-02
  99  6.6828945311654467e-02
  54  6.6871965809381803e-02
  81  8.1179990323810236e-02
  47  9.3117481646944500e-02
  98  9.4655918681753839e-02
  30  1.0891863807362182e-01
  80  1.2516510177568205e-01
  73  1.2707043053719094e-01
  97  1.3364312492101785e-01
  46  1.4134448227202345e-01
  29  1.5568354348204591e-01
  72  1.8758003224307282e-01
  69  1.9171504913473800e-01
  57  2.3121997464280483e-01
  27  2.3701498194014625e-01
  67  2.6937097664093734e-01
  68  2.7003958759578661e-01
  56  3.1909808152133012e-01
  26  3.2516590186006711e-01
  53  3.3525817057999574e-01
  66  3.6507601052504135e-01
  52  4.3764895014358712e-01
  51  4.4194193583449853e-01
  45  4.9544166426976843e-01
  19  5.1097380915045076e-01
  50  5.5171064969742911e-01
  96  5.5231567798914005e-01
  28  5.9361534980929331e-01
  44  6.0331551203057276e-01
  43  6.0922756458929150e-01
  42  7.1074111084944436e-01
  25  7.2797992559099511e-01
  39  7.2842717328739393e-01
  65  7.6214725793468074e-01
  24  8.0800971706412628e-01
  23  8.1245592337234596e-01
  38  8.1320833611340360e-01
  64  8.3603942284788002e-01
  22  8.7527632259659183e-01
  49  8.8844647925619524e-01
  18  9.0463073079540779e-01
  48  9.2912858851617297e-01
  17  9.3996048085864703e-01
  15  9.4215126902548219e-01
  41  9.5394477548806222e-01
  14  9.6680508236502705e-01
  40  9.7269017487981635e-01
  37  9.8029124077568675e-01
   8  9.8235703585695511e-01
  36  9.8892308980173660e-01
  35  9.8945647656655800e-01
  21  9.9106277893149719e-01
  34  9.9426490866689043e-01
  20  9.9508474915208700e-01
  16  9.9879790522729484e-01
  13  9.9933999631137926e-01
  12  9.9967109814194699e-01
  11  9.9970301637968517e-01
   9  9.9985750348534908e-01
   6  9.9990778203011166e-01
   5  9.9995895692477188e-01
  33  9.9998243376698193e-01
   3  9.9998353101696136e-01
  32  9.9999095336102661e-01
  10  9.9999948146664663e-01
   7  9.9999951017954058e-01
   4  9.9999951031328849e-01
   2  9.9999951079819294e-01
   1  9.9999951088537198e-01
   0  9.9999951088842254e-01
