0 0 1 0 0 1 0 0 1 0 1 0 1 0 1 0 1 0 1 0 1 0 1 0 0 1 0 0 1 0 0 0 1 0 1 0 1 0 1 0 1 0 1 0 1 0 1 0 0 1 0 0 1 0 0 0 1 0 0 0 0 0 0 
0 1 0 0 1 0 1 0 1 0 1 0 0 1 0 0 1 0 1 0 1 0 1 0 0 1 0 0 1 0 0 
0 0 1 0 1 0 0 0 1 0 1 0 0 1 0 
0 1 0 0 1 0 0 
0 1 0 
0 
 127  4.1416147514701546e-16
 119  1.0652166304537801e-13
 125  2.1281921665733415e-13
 126  6.2761664249128454e-13
 123  1.0825039004694631e-12
 117  1.2691491430577399e-11
  95  3.0357621715650703e-11
  94  3.4259406379094863e-10
 124  5.0191877613138822e-08
 122  5.0804797975367010e-08
 121  5.1901589567602689e-08
 118  9.3120743815586543e-08
 115  1.2028942143247037e-07
 107  1.2627769814057002e-07
 111  1.8639526002877391e-07
 116  2.1369421665465837e-07
 114  2.2428713094068342e-07
  93  8.7165392398196158e-07
 106  8.8082091277324700e-07
  91  1.0142260861558474e-06
  87  1.3846780877398690e-06
  92  1.7073216651446407e-06
  90  1.7622621981958699e-06
  86  2.7490657198511350e-06
  79  2.9040376905483058e-06
  63  4.1691759338897680e-06
  78  6.1744423858357577e-06
  47  3.3295224961084400e-05
 113  7.5224579707384374e-05
 120  8.7196269997537250e-05
 110  9.7342891963858003e-05
 109  1.0756527496586701e-04
  46  1.1775226735811177e-04
 105  1.3360822275000880e-04
 112  1.5082489881456754e-04
 103  1.8637872582986974e-04
 104  2.4207572006512440e-04
  89  2.7194468730366080e-04
 101  2.8137419720428939e-04
  85  2.9755364748983105e-04
  83  3.9258844432459695e-04
 100  4.3021733352304619e-04
  77  4.5175554969562477e-04
  88  5.1980727131410991e-04
  84  5.6325658404700557e-04
  82  6.4105719381588489e-04
  75  6.5905275156171665e-04
  62  7.9228711981960283e-04
  76  8.4646765468537107e-04
  71  9.5906195412631928e-04
  74  1.0351287894062391e-03
  61  1.5708971068192062e-03
  70  1.7128790133717855e-03
  59  2.3767733604870538e-03
  45  3.3296151459618006e-03
  58  3.9298945513004859e-03
  43  5.1145812504329920e-03
  44  5.8323473611910735e-03
  42  8.3010066286324860e-03
 108  8.5174532793287801e-03
  39  9.1442508808462324e-03
 102  1.0024888444656103e-02
  99  1.2702522361922826e-02
  81  1.4206859968742946e-02
  38  1.5766649929201335e-02
  98  1.7028450137616422e-02
  73  2.0926886862955303e-02
  31  2.3550410103475396e-02
  80  2.4136628654526260e-02
  97  2.4139562993303113e-02
  69  3.1458907561815276e-02
  72  3.4433857992234244e-02
  60  3.9036387390611001e-02
  30  3.9135782412949349e-02
  67  4.7025778126515476e-02
  68  5.0509124524147832e-02
  57  5.9804016488485337e-02
  66  7.4485324983411316e-02
  55  9.0208850206758243e-02
  56  9.0356746389995329e-02
  41  9.3894063546325554e-02
  15  1.3897074138434001e-01
  40  1.4144607337335138e-01
  37  1.4567244584906588e-01
  53  1.4722846729652542e-01
  52  2.0861108396795602e-01
  36  2.1045760025437937e-01
  35  2.1064400753955811e-01
  96  2.3354621023352967e-01
  29  2.4986618626685322e-01
  34  2.9410583975766869e-01
  28  3.3973751665134472e-01
  27  3.4381800625423664e-01
  65  3.4526377401910568e-01
  26  4.4813788194377452e-01
  64  4.5119200237819612e-01
  54  4.6398925403546648e-01
  23  4.7552906775206932e-01
  14  5.6715565611148866e-01
  22  5.8660193385899495e-01
  51  5.9688547852608131e-01
  13  6.6374403406018323e-01
  50  6.9146861860653397e-01
  33  6.9630435651317246e-01
  12  7.5589237312693613e-01
  49  7.7437885524463523e-01
  32  7.8252126412042489e-01
  25  8.2684959336252406e-01
   9  8.4723403104335582e-01
  24  8.8498240372132364e-01
  21  9.0512422967554029e-01
  20  9.4096588073103671e-01
  19  9.4316497302942037e-01
  18  9.6642226276070586e-01
  11  9.6668202520007196e-01
  10  9.8052479827112904e-01
  48  9.8241126142705615e-01
   8  9.9202806553833855e-01
   7  9.9243126858643593e-01
   6  9.9599749508214053e-01
   3  9.9797299135070983e-01
  17  9.9932860785461541e-01
  16  9.9965498734256453e-01
   5  9.9999229149007896e-01
   4  9.9999609432665060e-01
   2  9.9999827084481663e-01
   1  9.9999927830680713e-01
   0  9.9999964526548046e-01
