0 0 0 0 0 0 0 0 0 0 0 0 0 0 0 0 0 0 0 0 0 0 1 0 1 0 0 0 0 1 0 0 0 0 0 0 0 0 0 1 0 0 0 0 0 1 0 0 0 1 0 0 1 0 1 0 0 0 0 0 1 0 0 0 0 1 0 0 1 0 0 0 0 1 0 0 1 0 1 0 0 0 0 0 1 0 0 1 0 0 0 1 0 0 1 0 0 0 0 0 0 0 0 1 0 0 1 0 1 0 1 0 1 0 0 0 0 0 1 0 1 0 1 0 1 0 1 0 0 1 0 0 0 0 1 0 1 0 0 0 1 0 1 0 0 1 0 0 1 0 1 0 0 0 1 0 1 0 0 0 0 0 0 0 0 0 1 0 1 0 1 0 1 0 1 0 1 0 1 0 1 0 1 0 1 0 1 0 1 0 1 0 0 0 1 0 1 0 1 0 1 0 1 0 1 0 1 0 1 0 1 0 1 0 1 0 1 0 1 0 1 0 1 0 0 1 0 0 1 0 1 0 1 0 1 0 0 1 0 0 1 0 1 0 1 0 1 0 0 1 0 0 0 0 0 0 0 0 0 0 0 0 0 1 0 0 0 0 0 1 0 0 0 0 0 1 0 0 1 0 1 0 1 0 1 0 1 0 0 0 1 0 0 0 1 0 0 0 1 0 1 0 1 0 1 0 1 0 1 0 1 0 1 0 1 0 1 0 1 0 0 1 0 0 0 0 1 0 1 0 1 0 1 0 1 0 1 0 1 0 1 0 1 0 1 0 1 0 1 0 1 0 1 0 1 0 1 0 1 0 1 0 1 0 1 0 1 0 1 0 1 0 1 0 1 0 1 0 1 0 1 0 1 0 0 0 1 0 1 0 1 0 1 0 1 0 1 0 1 0 1 0 1 0 1 0 1 0 1 0 1 0 1 0 1 0 1 0 1 0 1 0 1 0 1 0 1 0 1 0 1 0 1 0 1 0 1 0 1 0 1 0 1 0 1 0 0 0 1 0 1 0 1 0 1 0 1 0 1 0 1 0 1 0 1 0 1 0 1 0 1 0 1 0 1 0 1 0 1 0 1 0 1 0 1 0 1 0 1 0 1 0 1 0 0 0 1 0 1 0 1 0 0 0 1 0 0 0 0 0 0 0 0 0 1 0 1 0 1 0 1 0 1 0 1 0 1 0 1 0 1 0 1 0 1 0 1 0 1 0 1 0 1 0 1 0 1 0 1 0 1 0 1 0 1 0 1 0 1 0 1 0 1 0 1 0 1 0 1 0 1 0 1 0 0 0 1 0 1 0 1 0 1 0 1 0 1 0 1 0 1 0 1 0 1 0 1 0 1 0 1 0 1 0 1 0 0 0 1 0 1 0 1 0 1 0 1 0 1 0 1 0 0 0 1 0 1 0 1 0 0 0 0 0 0 0 1 0 0 0 1 0 1 0 1 0 1 0 1 0 1 0 1 0 1 0 1 0 1 0 1 0 1 0 1 0 1 0 0 0 0 0 1 0 1 0 1 0 0 0 1 0 0 0 0 0 0 0 1 0 1 0 0 0 0 0 0 0 0 0 0 0 0 0 1 0 1 0 1 0 0 0 1 0 1 0 0 0 0 0 1 0 0 0 0 0 0 0 0 0 0 0 0 0 0 0 1 0 0 0 0 0 0 0 0 0 0 0 0 0 0 0 0 0 0 0 0 0 0 0 0 0 0 0 0 0 0 0 0 1 0 0 1 0 1 0 1 0 1 0 0 1 0 0 1 0 1 0 1 0 1 0 0 1 0 1 0 1 0 0 1 0 1 0 1 0 1 0 1 0 1 0 1 0 0 0 0 1 0 1 0 1 0 0 1 0 0 0 0 0 0 0 1 0 1 0 1 0 1 0 1 0 0 0 0 0 0 0 1 0 0 0 0 0 0 0 0 0 0 0 0 0 0 0 0 1 0 1 0 1 0 0 1 0 0 0 0 1 0 0 1 0 0 0 0 0 0 0 0 0 0 0 0 0 0 0 1 0 1 0 1 0 0 0 1 0 0 0 0 0 0 0 1 0 0 0 0 0 0 0 0 0 0 0 0 0 0 0 1 0 0 0 0 0 0 0 0 0 0 0 0 0 0 0 0 0 0 0 0 0 0 0 0 0 0 0 0 0 0 0 0 1 0 0 0 0 0 0 0 0 0 0 0 0 0 0 0 0 0 0 0 0 0 0 0 0 0 0 0 0 0 0 0 0 0 0 0 0 0 0 0 0 0 0 0 0 0 0 0 0 0 0 0 0 0 0 0 0 0 0 0 0 0 
0 0 0 0 0 0 0 0 0 0 0 1 0 1 0 0 0 0 0 0 0 0 0 1 0 0 1 0 0 1 0 0 0 1 0 0 0 0 1 0 0 1 0 0 0 0 1 0 0 0 0 0 1 0 1 0 1 0 1 0 1 0 1 0 0 1 0 1 0 0 1 0 0 0 1 0 0 1 0 0 1 0 1 0 1 0 1 0 1 0 1 0 1 0 1 0 1 0 1 0 1 0 1 0 1 0 1 0 1 0 1 0 0 0 1 0 1 0 0 0 1 0 1 0 0 1 0 0 0 0 0 0 0 1 0 0 0 0 1 0 1 0 1 0 1 0 1 0 1 0 1 0 1 0 1 0 1 0 1 0 0 0 1 0 1 0 1 0 1 0 1 0 1 0 1 0 1 0 1 0 1 0 1 0 1 0 1 0 1 0 1 0 1 0 1 0 1 0 1 0 1 0 1 0 1 0 1 0 1 0 1 0 1 0 1 0 1 0 1 0 1 0 1 0 1 0 1 0 1 0 1 0 1 0 1 0 1 0 1 0 1 0 1 0 1 0 1 0 1 0 1 0 1 0 0 0 1 0 1 0 1 0 1 0 1 0 1 0 1 0 1 0 1 0 1 0 1 0 1 0 1 0 1 0 1 0 1 0 1 0 1 0 1 0 1 0 1 0 1 0 1 0 1 0 1 0 1 0 1 0 1 0 1 0 1 0 0 0 1 0 1 0 1 0 1 0 1 0 1 0 1 0 1 0 0 0 1 0 1 0 1 0 0 0 1 0 1 0 0 0 0 0 1 0 1 0 1 0 1 0 1 0 1 0 0 0 0 0 1 0 0 0 0 0 0 0 0 0 0 0 0 0 0 0 0 0 1 0 1 0 0 0 1 0 1 0 0 1 0 0 1 0 1 0 1 0 1 0 0 1 0 0 1 0 0 0 1 0 1 0 1 0 0 0 1 0 0 0 0 0 0 0 0 1 0 0 1 0 0 0 1 0 0 0 0 1 0 0 1 0 1 0 1 0 0 0 1 0 0 0 0 0 0 0 1 0 0 0 0 0 0 0 0 0 0 0 0 0 0 0 0 1 0 0 0 0 0 0 0 0 0 0 0 0 0 0 0 0 0 0 0 0 0 0 0 0 0 0 0 0 0 
0 0 0 0 0 0 0 0 0 0 1 0 1 0 0 0 0 0 1 0 0 0 0 1 0 0 1 0 1 0 1 0 0 0 1 0 0 1 0 0 1 0 1 0 1 0 1 0 1 0 1 0 1 0 1 0 0 1 0 0 1 0 0 0 1 0 0 0 1 0 1 0 1 0 1 0 1 0 1 0 1 0 1 0 1 0 1 0 1 0 1 0 1 0 1 0 1 0 1 0 1 0 1 0 1 0 1 0 1 0 1 0 1 0 1 0 1 0 1 0 1 0 1 0 1 0 1 0 1 0 1 0 1 0 1 0 1 0 1 0 1 0 1 0 1 0 1 0 1 0 1 0 1 0 1 0 1 0 0 0 1 0 1 0 1 0 1 0 1 0 1 0 1 0 1 0 1 0 1 0 1 0 0 0 1 0 0 0 0 0 0 0 0 1 0 0 1 0 0 0 1 0 1 0 0 1 0 0 1 0 1 0 1 0 0 0 0 1 0 0 1 0 0 0 1 0 1 0 1 0 0 0 1 0 0 0 0 0 0 0 0 1 0 0 0 0 0 0 0 0 0 0 0 0 0 
0 0 0 0 0 1 0 0 1 0 0 0 1 0 1 0 0 1 0 0 1 0 1 0 1 0 1 0 0 1 0 1 0 0 1 0 1 0 1 0 1 0 1 0 1 0 1 0 1 0 1 0 1 0 1 0 1 0 1 0 1 0 1 0 1 0 1 0 1 0 1 0 1 0 1 0 1 0 1 0 1 0 1 0 1 0 1 0 1 0 1 0 1 0 0 0 0 1 0 0 1 0 0 0 1 0 1 0 0 1 0 0 1 0 1 0 1 0 0 0 0 0 0 0 0 0 0 
0 0 0 1 0 0 1 0 0 0 1 0 1 0 0 0 1 0 1 0 1 0 1 0 1 0 1 0 1 0 1 0 1 0 1 0 1 0 1 0 1 0 1 0 1 0 1 0 0 1 0 0 1 0 0 0 1 0 1 0 0 0 0 
0 0 1 0 0 1 0 0 1 0 1 0 1 0 1 0 1 0 1 0 1 0 1 0 0 1 0 0 1 0 0 
0 1 0 0 1 0 1 0 1 0 1 0 0 1 0 
0 0 1 0 1 0 0 
0 1 0 
0 
1519  0.0000000000000000e+00
1535  0.0000000000000000e+00
1918  0.0000000000000000e+00
1919  0.0000000000000000e+00
1983  0.0000000000000000e+00
2031  0.0000000000000000e+00
1982  1.7808607814151991e-39
1951  6.7843940182368249e-39
1917  8.8394700146290299e-38
1915  1.1341038971186301e-37
2015  1.8869613557029129e-37
2030  2.2791557518328745e-37
2039  1.3710853672085364e-36
1887  9.8366988778774691e-36
1903  1.5883984412346794e-35
1981  2.4568831081437729e-34
1967  5.4097406792593261e-33
1518  1.2816040083847106e-32
1719  2.3218120420617664e-32
2007  7.6123311409180533e-32
1975  1.0582093270528587e-31
2035  1.8857323159926865e-31
1495  2.8081318936767093e-31
2023  6.7824690084041884e-31
1534  8.7046409576709182e-31
1855  8.8952691958841099e-31
2047  1.6372466348848428e-30
1902  1.9617043960854560e-30
1503  2.1404715664100741e-30
1533  2.1722540900686212e-30
1463  4.3180511741441829e-30
1531  4.7144068145632811e-30
1979  7.1947881521173202e-30
1879  1.0056215112336382e-29
1515  2.5202327412263421e-29
1847  9.0178372683548575e-29
2043  3.0288919414852479e-28
1911  4.8706170054356072e-28
1980  1.2004359595919245e-27
2029  9.0663054986686502e-27
1271  4.0514931964690508e-26
1950  7.8100336164197616e-26
1517  1.0420351787158443e-25
1471  1.0460304073725074e-25
1727  2.4822265523091621e-25
2022  6.1268771004479743e-25
1916  1.6591054452437325e-24
1791  2.1732309212307741e-24
2003  7.1055704876831520e-24
1974  7.3317428591529968e-24
2045  1.5131851039538412e-23
1901  1.7415515308035043e-23
2046  2.3465063772576938e-23
1895  3.8345542245551464e-23
1971  3.8907618410887650e-23
1527  6.9076029763299093e-23
1907  1.0620458647738785e-22
1963  1.4565377429021082e-22
2006  1.5516238066485137e-22
1775  2.1465244489829928e-22
1978  2.3125621781598767e-22
1886  3.4630382542426671e-22
1947  3.9455080439534745e-22
1854  4.6967815751077219e-22
1977  5.1012373770600000e-22
1949  5.1760858988022597e-22
1995  7.5379680235420715e-22
1885  8.2341584203075943e-22
2014  1.3512337573597501e-21
1871  1.5643687360233309e-21
2028  1.9779509679507261e-21
1839  2.2861712039665332e-21
1914  2.3074462914127401e-21
1913  2.3140699417904178e-21
1999  2.7644105551249192e-21
2013  2.8854406663215699e-21
2005  3.5486069135966837e-21
2019  7.9648290815845849e-21
1823  8.2937254351453915e-21
1910  1.0904915030863390e-20
1851  1.1580849709106559e-20
1894  1.2929532894498303e-20
2038  1.5819991241234002e-20
1883  1.6735247190734946e-20
1891  2.2359992649225486e-20
1893  3.0661085744015756e-20
1726  3.4626433871999594e-20
1991  4.2085219433169837e-20
1875  4.6025308659252965e-20
2042  5.4745170757250142e-20
1407  6.7931613440359879e-20
1511  6.9646887170315233e-20
1966  7.9246708626433430e-20
1819  1.1171959276175420e-19
2037  1.1575760144265470e-19
1532  1.4504741097103849e-19
1853  1.4771548891959249e-19
1959  1.5850090573090254e-19
2044  1.7607810718570361e-19
2041  1.8760608871812038e-19
1843  2.2820212315884587e-19
1899  2.5878880322996270e-19
1723  3.8470892764022359e-19
1900  4.2800440602401530e-19
1943  6.3364285194093361e-19
1502  6.9329760573277228e-19
1711  7.0992078607160229e-19
1771  7.3423916696919491e-19
1725  7.4873236340997488e-19
1530  7.6126635068280628e-19
1529  8.2539004697781690e-19
1973  8.3391974182935366e-19
2027  9.3827550562901643e-19
1878  1.0072546670366335e-18
1526  1.2323932461241347e-18
1939  1.2809358354038077e-18
1501  1.5742395565619968e-18
1470  1.6052100431267686e-18
1695  1.8075916084252762e-18
1516  1.8507934164496580e-18
1718  1.8821217619633475e-18
1867  2.3728093447129455e-18
1717  2.6794252294289256e-18
1403  2.6956918062249852e-18
1514  2.7529970163659547e-18
1487  2.8019178665514372e-18
2011  3.1309632169874541e-18
1509  3.2002467867339587e-18
1513  3.2389207509279077e-18
1846  3.5783086796840516e-18
1790  4.5298366258589374e-18
1279  5.1156059155249518e-18
1019  5.1759859454108507e-18
1523  6.4656800080497369e-18
1494  7.4444670229673616e-18
1835  7.5572001890371640e-18
1707  7.5765007235275480e-18
1493  1.0456773603507360e-17
2021  1.0505217163047021e-17
1455  1.1778752444500708e-17
1499  1.5233079988418748e-17
1483  1.7861171056919074e-17
1510  1.9957976316071957e-17
1715  2.3101610990973751e-17
2025  2.4155757549715019e-17
1439  2.7180441618446887e-17
1691  2.7388693687222314e-17
2012  2.7615787781178783e-17
1467  2.8322360825953284e-17
1462  2.9718146972283824e-17
1507  3.4760194945074024e-17
1461  3.7040138198664072e-17
1787  3.7873030390515819e-17
1909  5.0611783681461580e-17
1998  5.5515248713343513e-17
1491  7.5345495728055967e-17
1391  9.9497675593397999e-17
1453  1.0051639533171446e-16
1469  1.1854917602751830e-16
1459  1.1910527192092779e-16
1399  1.2035330793757547e-16
1965  1.8012670545906358e-16
2040  1.8561881609669034e-16
2036  1.9073085494011706e-16
1976  2.1419729581932191e-16
2026  2.1620763433053551e-16
1789  2.1978744451032814e-16
1912  2.2616763935706763e-16
2009  2.3678651895554238e-16
1401  2.6202187289888044e-16
2034  2.8429521865969498e-16
1375  3.1368531831782806e-16
2033  3.2145467664481657e-16
1395  4.5358674964782442e-16
1402  6.7433299782158625e-16
2010  7.5739021960465686e-16
1437  8.6043340246363897e-16
1277  9.4683015726057343e-16
1406  1.4688612548564223e-15
1997  1.4752340904571995e-15
1663  1.5772676176615076e-15
1948  1.7127665718491454e-15
1389  1.8459294615570979e-15
2024  1.9108352845474255e-15
1371  1.9317157426314303e-15
2017  2.2829093107892072e-15
2018  2.6601835568759999e-15
1972  3.1752160415422782e-15
1263  3.2777795388646180e-15
1898  4.6985976605327863e-15
2004  4.8131925768978147e-15
1267  4.9033630628590965e-15
1270  5.2105845459499056e-15
2020  5.3045603083856580e-15
2002  5.5318866774746565e-15
2001  5.7867872493731341e-15
1877  6.6056838775797990e-15
1987  8.2832339557152771e-15
1969  8.5299393299675881e-15
1629  9.3223460097788717e-15
1994  9.6567071398253837e-15
1970  9.9621350411440028e-15
1269  1.0434335383254460e-14
1993  1.0875437882579742e-14
1785  1.3210939116396035e-14
1845  1.3216228617899527e-14
1278  1.3295620526241167e-14
1247  1.4610026075773806e-14
1339  1.5137587360213410e-14
2008  1.5790297962058881e-14
1023  1.5976416123029232e-14
1989  1.8407951108809510e-14
1897  1.8552412252588669e-14
2032  1.9478434800387227e-14
1962  1.9868151239607668e-14
1955  2.0910955668742082e-14
1961  2.1726127013848187e-14
1990  2.1938558128787421e-14
1261  2.6588771144763846e-14
1931  2.7393912922170551e-14
1996  3.0118727006430842e-14
1946  3.4879598132068147e-14
1945  3.4904492963359828e-14
1964  3.7787438428219514e-14
1957  3.9731786199943907e-14
1631  4.8115828120279334e-14
1908  5.5720193925162234e-14
1245  5.6902963238879621e-14
1958  5.7365881239804441e-14
1343  5.7629031023379597e-14
1941  8.0901905695586565e-14
1774  9.1107727798811623e-14
1942  1.1313483203850861e-13
1884  1.1332670679429131e-13
1882  1.1342156263893463e-13
1881  1.1349623628667182e-13
1852  1.3066881332383229e-13
1935  1.3615848784982362e-13
1937  1.7440246060416017e-13
1405  2.2126407567541802e-13
1938  2.2886825967894946e-13
1870  2.3401523050211752e-13
1869  2.3423414716756145e-13
1838  2.8691988534405661e-13
1837  2.8741759580245676e-13
1015  3.1399844182412031e-13
1850  3.5249645735103650e-13
1849  3.5257639356992977e-13
1906  3.5911396805565169e-13
1929  3.8829074053446959e-13
1892  4.7614009537030917e-13
1863  4.9402453979293905e-13
1007  5.0748149729137319e-13
1822  5.4347498306084291e-13
1890  5.5039297284651741e-13
1889  5.5266805942629741e-13
1788  5.5785757815488233e-13
1831  5.7475074671035287e-13
1905  5.8386679115546479e-13
1213  5.8530531399325778e-13
1215  6.0248910775610241e-13
1874  9.2412705269285774e-13
1873  9.5627671615261992e-13
1861  9.7564120460120787e-13
1783  1.0820695498765819e-12
1815  1.1886639309010842e-12
1896  1.2654895839968268e-12
1821  1.4548294720416900e-12
1842  1.4922062851971050e-12
1724  1.5645434492848322e-12
1525  1.5757329918807624e-12
1865  1.6429617473727099e-12
1841  1.7031195081969568e-12
1876  1.7878292397613206e-12
1017  1.8586043999286043e-12
1013  1.9906698917403350e-12
1773  2.2772429241866122e-12
1807  2.2801601553362035e-12
1866  2.4100881016535506e-12
1751  2.6925751676745429e-12
1779  3.1440653412053682e-12
1833  3.3743838656841112e-12
1829  3.4191403466003548e-12
1784  3.4436859598482673e-12
1844  3.4574353747084657e-12
1818  3.5589062934964509e-12
1817  3.5614905900365755e-12
1005  3.7565336808197916e-12
1018  4.0380160462221336e-12
 991  4.3758662527370763e-12
1767  5.2545844806469017e-12
1781  5.8524587524406137e-12
1834  6.9285162742527509e-12
1813  7.1220339361746688e-12
1710  9.1323132222498136e-12
1709  9.1702203412138978e-12
1759  1.0038258260307334e-11
1770  1.1516692407095159e-11
1769  1.1543066643360263e-11
1500  1.1964328053361217e-11
1498  1.2004798940433892e-11
1497  1.2031768890239658e-11
 959  1.4036269751710278e-11
1805  1.4994328431876648e-11
1151  1.5240514449169642e-11
1694  1.5275268404023578e-11
 989  1.5732010384105793e-11
1468  1.7377408976918442e-11
1703  1.8299250706065849e-11
1528  2.1844948672948676e-11
1486  2.3915093093009885e-11
1765  2.3994760886522476e-11
1485  2.3996846974729219e-11
1716  2.5783367571958748e-11
1714  2.5818569174112086e-11
1713  2.5862563954152554e-11
1149  2.6520178398715743e-11
 523  2.7883034707587888e-11
1786  2.7891093708188114e-11
1022  2.7901945327029413e-11
1512  3.3677427936761572e-11
1508  3.3713621396823209e-11
1506  3.3762141706591492e-11
1505  3.3859055991064101e-11
1687  3.6801789788870534e-11
1655  3.6842516733055618e-11
1693  3.9238283749295996e-11
1722  4.5066271432599930e-11
1021  4.6060330568437299e-11
1466  4.6303815424653533e-11
1465  4.6345509171479077e-11
1479  4.7848080186806713e-11
1701  4.9362503264633271e-11
1454  4.9898363524694035e-11
1706  5.1599494904420942e-11
1705  5.1657920666885353e-11
1482  6.3654443628476430e-11
1721  6.4271824887118786e-11
1662  6.6386196071187491e-11
1492  6.7344488805928588e-11
1490  6.7408313107672722e-11
1489  6.7506717952978918e-11
1679  6.9162549561767113e-11
1438  7.2919320158425948e-11
1404  9.1869830933079888e-11
1477  9.5110926862167612e-11
1685  1.0060389578119140e-10
1690  1.0126061439771345e-10
1447  1.0127275335733216e-10
1689  1.0145312877748454e-10
1452  1.3710017279432809e-10
1481  1.3710723212718686e-10
1460  1.3734067801856336e-10
1458  1.3759440730723854e-10
1457  1.3797185589629024e-10
1659  1.4052684943691692e-10
1451  1.4272011979308952e-10
 958  1.4998962098814335e-10
1449  1.7588668235280048e-10
1749  1.9169797909611241e-10
1390  1.9319856067048625e-10
1431  1.9796364164709549e-10
1445  2.0901677080449420e-10
1522  2.1274979826555593e-10
1630  2.3809386594854647e-10
1521  2.4146124823520199e-10
1398  2.6322514680774255e-10
1397  2.6365082861287120e-10
1435  2.7406265189631321e-10
1678  2.7933297294196551e-10
1423  3.1649835936796668e-10
1374  3.2010629138741134e-10
1383  4.0054025357982957e-10
1524  4.3725311223196740e-10
1436  4.5586475968432133e-10
1433  4.7685942719276933e-10
1430  4.9551564530816893e-10
1400  5.1003596675688121e-10
1394  5.1132975005063623e-10
1393  5.1327213510209552e-10
1387  5.4224990596793517e-10
1388  5.4871783534805549e-10
1661  6.6890023666995053e-10
1385  6.8650107626588266e-10
1367  7.2623705675182779e-10
1653  8.3055993673322348e-10
1373  8.3922956427766560e-10
1623  8.5461750517260420e-10
1382  8.6606619527785968e-10
1421  9.9122368486637207e-10
1370  1.0345768175309073e-09
1627  1.1771955070676725e-09
1628  1.2078798350019480e-09
 895  1.3577249541509742e-09
1359  1.3860474132807460e-09
1342  1.3972289331019330e-09
1626  1.4758366451347858e-09
1262  1.6125068730485528e-09
1365  1.7608083736227674e-09
1904  1.7721117851418958e-09
1615  1.7845101323131324e-09
1369  1.8524159339211384e-09
 893  1.9654871451170829e-09
1622  2.0187815134606365e-09
1259  2.0911714952714907e-09
1268  2.4937042616970356e-09
1335  2.6257884813098307e-09
1214  3.0101596693049704e-09
1311  3.1191480298002802e-09
1276  3.3485620629821502e-09
1255  3.3711517456533909e-09
1246  3.3968714411927836e-09
2016  3.4473703158911069e-09
2000  3.4649967201595489e-09
1992  3.4937876893987535e-09
1988  3.5386027016965613e-09
1986  3.6282920791187009e-09
1985  3.8069500236285163e-09
1338  4.0527246851892425e-09
1275  4.0879929690683927e-09
1260  4.1360519438876843e-09
1258  4.1526432001821365e-09
1357  4.2633082789803378e-09
1266  4.4355944867450881e-09
1265  4.4618027337814223e-09
1614  4.7704138283951742e-09
1274  4.8434649266271888e-09
1337  4.9361172313055598e-09
1599  5.0227581784192065e-09
1327  5.6491844485983589e-09
1239  6.6214616224345354e-09
1968  6.7163546182931101e-09
1960  6.7402055515011968e-09
1956  6.7870545956060082e-09
1954  6.8806956068717668e-09
1334  6.9046612411254108e-09
1953  7.0665696423959154e-09
1243  7.6254573821316405e-09
1254  8.4574229886355013e-09
 495  8.6466186914493369e-09
1341  9.2030483025985236e-09
 522  9.4487748764951833e-09
1244  9.5134196675962421e-09
1583  1.0195019761359038e-08
1242  1.0743995477633389e-08
1944  1.3432005716849142e-08
1940  1.3484100207263022e-08
1934  1.3986935797675585e-08
1933  1.4185711940814156e-08
 515  1.5056690635557809e-08
1720  1.5217118117929583e-08
1326  1.5317212985974265e-08
 521  1.5353420673140584e-08
1231  1.5766634486100619e-08
1238  1.7841303756749063e-08
1211  1.9785769850238952e-08
1880  2.4436752002219011e-08
1020  2.4508471627145214e-08
1848  2.5285090561210633e-08
1207  2.6380710612869313e-08
1868  2.6728142975410440e-08
1936  2.6861490919296702e-08
1930  2.6972921956319541e-08
1014  2.7634243998977214e-08
1011  2.7953997670934863e-08
1927  2.8009294367438158e-08
1862  2.8637298201466422e-08
1859  3.0373355096409622e-08
1183  3.1593486119067706e-08
1888  3.1675072416383689e-08
1836  3.1886609568690910e-08
1830  3.2267227100968236e-08
1827  3.2934910301095094e-08
 505  3.3438221729807967e-08
1872  3.4203877637394202e-08
1006  3.7153048515415092e-08
1864  3.7194041699718120e-08
1212  3.7419494669580469e-08
1210  3.7604403192424799e-08
1860  4.0603893721418404e-08
1230  4.2650457761658073e-08
1520  4.3835886195929361e-08
1858  4.4308024768536250e-08
1820  5.0625211996045487e-08
1016  5.3212258055115279e-08
1012  5.3556868853558329e-08
1928  5.3712696860908123e-08
1925  5.3973606564160343e-08
1010  5.4012863681901685e-08
1003  5.5968676422820331e-08
 767  5.8254664508670032e-08
1840  6.2734109887384402e-08
1832  6.3144739203539642e-08
1814  6.3611220802831119e-08
1828  6.3773525048971511e-08
1310  6.4381704261053171e-08
1811  6.4447230340395313e-08
1826  6.5196789991189789e-08
1199  6.7548761441523744e-08
1206  7.4478260901724571e-08
 999  7.5777334774471616e-08
1150  7.6734168198417684e-08
1782  8.9760099643692133e-08
1780  9.2291454013514035e-08
 990  9.4793941805620983e-08
1778  9.5117708260657639e-08
1777  9.7452146043189487e-08
1806  1.0198536442717585e-07
1924  1.0738016999507529e-07
1004  1.0761248660268532e-07
1002  1.0826266246540563e-07
1772  1.1977899558848629e-07
 766  1.2219863669788482e-07
1816  1.2573769823526001e-07
1812  1.2657012756588991e-07
1803  1.2670586215263589e-07
1810  1.2821900165070510e-07
 987  1.3080047370555481e-07
1582  1.3140700964419157e-07
1198  1.6106486165571819e-07
 983  1.7110478058208453e-07
1766  1.7573441697725942e-07
1750  1.8046251132237965e-07
1763  1.8301184432995995e-07
1147  1.8754200117905745e-07
1799  2.0487553140961752e-07
 998  2.1158282124432634e-07
1273  2.3680540570449053e-07
1143  2.3693981520980436e-07
 988  2.3882398246696673e-07
 986  2.4387224703668232e-07
1758  2.5152681484656757e-07
1804  2.5199681291330693e-07
1768  2.5368974756359966e-07
1802  2.5405338572238090e-07
1757  2.5876728523570077e-07
1764  2.7053469143846920e-07
 494  2.8042751064632743e-07
1762  2.8695580938343076e-07
1708  3.1151050691981817e-07
1702  3.1572658618307462e-07
1699  3.2317540031328536e-07
1148  3.4231323894314084e-07
1146  3.4964252969321750e-07
 975  3.5602748816496415e-07
1692  4.1226108966923421e-07
 982  4.4170389138928112e-07
1496  4.6428706865086805e-07
1484  4.6953904120459236e-07
1478  4.8084863699299562e-07
1798  5.0106705309556297e-07
 957  5.0289286370259756e-07
1475  5.0325042892918972e-07
1756  5.1004886340056219e-07
1119  5.3454037047928580e-07
 955  5.6979818331015308e-07
1135  5.7083140936905724e-07
1464  5.7724943668990212e-07
1712  5.8449225828065108e-07
1704  5.8920222453759501e-07
1686  5.9099641459793385e-07
1142  5.9702985313715945e-07
1700  5.9751385169509541e-07
1683  5.9959018610705101e-07
1698  6.1043490271405512e-07
1182  6.1982585472740972e-07
1747  7.7346367178039667e-07
 951  7.7809811118454173e-07
1504  8.8028198094328472e-07
1488  8.8675737366450770e-07
1480  8.9881631394574581e-07
1450  9.0531496291589619e-07
1476  9.1891150558747941e-07
1474  9.6118396364564108e-07
1446  9.7509147854572850e-07
 974  9.7659531784488080e-07
 956  9.7821658576206361e-07
1740  9.8417955782879897e-07
 954  1.0071473902681251e-06
1443  1.0111691715621358e-06
1660  1.0581880482888475e-06
1688  1.0861955096766510e-06
1272  1.0914772365568067e-06
1684  1.0965948235510718e-06
1677  1.1039961263293430e-06
1682  1.1106508026159914e-06
1748  1.1412195857646543e-06
1675  1.1617539606734017e-06
1743  1.1663300780260251e-06
1746  1.1927695917073436e-06
1658  1.2417155137372327e-06
1657  1.2692532508726789e-06
1134  1.3480644385074577e-06
 950  1.4387058478077855e-06
1434  1.6071649543592127e-06
 943  1.6073302480180758e-06
1429  1.6496862082802570e-06
1671  1.7276684963118393e-06
1456  1.7372938030349566e-06
1448  1.7674631562847712e-06
1444  1.8066894908217585e-06
1396  1.8385355419640985e-06
1427  1.8620215859785198e-06
1442  1.8747942465996234e-06
1386  1.8934839581502886e-06
1381  1.9709973403923308e-06
 927  2.0392197125705798e-06
1676  2.0647455725758626e-06
1674  2.0854529703856686e-06
1654  2.1469555398441392e-06
 894  2.2529804146521728e-06
1379  2.3358760509437545e-06
1422  2.3409302215834970e-06
1419  2.4225627675793697e-06
1651  2.6357975940365175e-06
1372  2.9253653638963872e-06
1432  3.1220278007225381e-06
1428  3.1998493565945898e-06
1644  3.2310485122775111e-06
1426  3.3214379221830783e-06
1670  3.4874396545046405e-06
1392  3.5708913200042621e-06
1366  3.5783694539711414e-06
 942  3.6005635893708122e-06
1384  3.6784325910782451e-06
1380  3.8285450059975697e-06
1363  3.8371652435022140e-06
 891  3.8730391445375031e-06
1378  4.0799233274515890e-06
1625  4.1282885956142236e-06
1621  4.1829364862968560e-06
1652  4.2408208512015316e-06
1420  4.2852279460584948e-06
1418  4.3396325403456443e-06
1647  4.3983571917406621e-06
1650  4.4194297101475836e-06
1118  4.6554309371423221e-06
1415  4.6938390487275971e-06
1619  4.7357202479470765e-06
1737  5.1613416995966295e-06
1368  5.7785425086084630e-06
1358  5.9185629762238148e-06
1355  5.9965743103054381e-06
1364  6.0440284670762525e-06
1340  6.1908329276810905e-06
1613  6.2745548133545590e-06
1362  6.4318844406740583e-06
 892  6.5384568428279392e-06
 890  6.6548407526682995e-06
1333  7.0742573772338193e-06
1611  7.1755474101818275e-06
 887  7.4947849419663478e-06
1257  7.5017208537481264e-06
 447  7.7107410578537083e-06
1624  7.7215077265260523e-06
1253  7.8617372320056726e-06
1620  7.9447953266012629e-06
1618  8.2998589019957548e-06
1414  8.3319367102679997e-06
 879  8.6115716387866595e-06
1331  8.9691484104712479e-06
1251  9.5888208908778037e-06
1356  1.0298609426007866e-05
1354  1.0529646107532165e-05
1351  1.1678204685193559e-05
1087  1.1687593348712265e-05
1241  1.1924142820094960e-05
 886  1.2155395147325279e-05
1237  1.2187871394006569e-05
1325  1.2749308774801651e-05
1612  1.3070505966473200e-05
1336  1.3239404183901093e-05
1610  1.3339670245824354e-05
1598  1.3484438952541797e-05
 926  1.3729440423584882e-05
1332  1.3823799647536971e-05
1607  1.3824906851798968e-05
1235  1.4195072957615229e-05
1264  1.4457266205203794e-05
1323  1.4714123719189856e-05
1330  1.4800971042402922e-05
 446  1.4894212347763032e-05
1256  1.4925903809955236e-05
1252  1.5718718522547610e-05
1641  1.6407196186849200e-05
1250  1.6902252977869093e-05
1597  1.8087966259152597e-05
1350  2.0290972371728950e-05
1606  2.2007647075378012e-05
1229  2.2904449916079381e-05
1240  2.3138283925737716e-05
1319  2.3162102230240752e-05
1236  2.3680857533245771e-05
 520  2.4494673488746671e-05
1234  2.4713476494480129e-05
1324  2.4847358877422626e-05
1322  2.5570973245335398e-05
1227  2.6393844423316945e-05
 514  2.6421031256447026e-05
 863  2.7203068989111184e-05
 513  2.7363819305493524e-05
1209  2.8644230212393652e-05
1596  2.9303867782921039e-05
1205  2.9576308391577079e-05
 878  3.0418656314278880e-05
1309  3.0911010204388884e-05
1086  3.2521506475788354e-05
1203  3.4818581896894504e-05
1307  3.5679151944175458e-05
1984  3.7800541192686406e-05
1952  3.8517735022193112e-05
1932  3.9806085336769421e-05
1223  4.1217540628670943e-05
1581  4.2001233047596141e-05
1926  4.2055653061316372e-05
 765  4.3516402934463689e-05
 504  4.4373757766288665e-05
1228  4.4381739981771815e-05
1009  4.5519791177744341e-05
1226  4.6065743739597754e-05
 501  4.6069859565491236e-05
1923  4.6522313855340466e-05
1001  4.7655573736415246e-05
1318  4.8961156383084157e-05
1579  4.9823214133631502e-05
1593  4.9870510849311375e-05
 763  5.0861036876450102e-05
 997  5.1234342336142599e-05
1303  5.3130247998341272e-05
1197  5.3474912287000571e-05
1922  5.5328048060004547e-05
1208  5.5518475556574276e-05
1295  5.6075153179085499e-05
1204  5.7173539550764177e-05
1308  5.9718737946830196e-05
1202  6.0198028442538725e-05
1306  6.2037023412486240e-05
1195  6.2430800909651517e-05
 500  6.4408656187902799e-05
 995  6.4617857582269976e-05
 493  6.5461533106397869e-05
1857  6.9747630084359398e-05
1825  7.2268503401504462e-05
1921  7.2811317107617960e-05
1809  7.5660052276234696e-05
 759  7.6011558809295767e-05
 491  7.8306132087721693e-05
1575  7.8831363185242898e-05
1801  8.0799088873257085e-05
1580  8.1303879973899159e-05
1222  8.1495800585937230e-05
 764  8.4893233533452913e-05
1578  8.5097963477725108e-05
 762  8.8671010274194668e-05
 985  8.8853607337867821e-05
1797  8.9391003141618962e-05
1008  8.9445895875473776e-05
 981  9.2943917407543468e-05
1000  9.3460818843978276e-05
1191  9.3741657350996480e-05
 751  9.9748729027001590e-05
 996  9.9992198548011095e-05
1567  1.0299386702626993e-04
1196  1.0316783184846974e-04
1302  1.0364413092240159e-04
1145  1.0385141265732668e-04
1194  1.0819230873005387e-04
 862  1.0934285279596542e-04
 979  1.0950943778940167e-04
1141  1.1016611754876845e-04
 994  1.1057082467926943e-04
1795  1.1206114186306811e-04
 487  1.1941957571923681e-04
1181  1.2036637386495498e-04
1761  1.2293690447602720e-04
 492  1.2739554402526761e-04
 490  1.3337999587317254e-04
1776  1.3563745549972057e-04
1139  1.3725398331645362e-04
 973  1.3736667343572479e-04
 758  1.3886312122381373e-04
1574  1.3901749673193959e-04
1856  1.4007089788134995e-04
1824  1.4579272044497701e-04
1179  1.4932621269587342e-04
1808  1.5268654205564797e-04
1800  1.6285995036184202e-04
 479  1.6562222602891754e-04
1755  1.6612651311516936e-04
 971  1.7086973392081416e-04
 984  1.7351499920483361e-04
1133  1.7613110903424412e-04
1190  1.7740250733502990e-04
1796  1.7934648364328052e-04
1754  1.8021956964268327e-04
 980  1.8078688400676644e-04
 978  1.9263515314917647e-04
1144  2.0554190882386651e-04
 953  2.0639933465395408e-04
1794  2.0762674130983511e-04
1753  2.0795105996386425e-04
1294  2.0910926481253024e-04
1175  2.1044219715101896e-04
1760  2.1459039663475213e-04
1140  2.1664511320681015e-04
 949  2.1823341381434436e-04
 486  2.1879536458319895e-04
1180  2.3140120681123218e-04
1131  2.3260161736472589e-04
1745  2.3309543140575368e-04
1138  2.3499795836909600e-04
1697  2.3757807586126549e-04
1178  2.5109422092102468e-04
1681  2.5415516869232502e-04
 967  2.5916142247745238e-04
 972  2.6571552109373367e-04
 947  2.6689305422472891e-04
 831  2.8094058227809372e-04
1673  2.8254979142196805e-04
 970  2.8807859850738183e-04
1559  2.9369347539875517e-04
1167  2.9937833476415676e-04
 750  3.1066898220346613e-04
1742  3.2148973145690963e-04
1669  3.2663771276093112e-04
 941  3.3405268352329145e-04
1132  3.3620986480811332e-04
1127  3.3626401827235300e-04
1741  3.6417506171500740e-04
1174  3.7410025624654529e-04
1130  3.7659003110574412e-04
1117  3.9638102191117379e-04
 952  3.9868906316521750e-04
1744  4.0138366798752841e-04
1649  4.1515359762053013e-04
1473  4.1755779387623308e-04
 948  4.1849297688621744e-04
 939  4.3380573397964914e-04
1441  4.3465495036567903e-04
1667  4.5097068844614794e-04
1656  4.5386875370801393e-04
1738  4.5612057703144147e-04
 946  4.6066651131091883e-04
1425  4.6415438662123165e-04
1696  4.7272834459941818e-04
 966  4.7922089630093580e-04
 735  4.8862281755667966e-04
1680  5.0180340928225370e-04
1417  5.0454822989786437e-04
 830  5.0682855179421033e-04
1115  5.2584317644970143e-04
1672  5.4810073915273385e-04
1736  5.8038330049491656e-04
 471  5.8876011433228433e-04
1413  5.9663439781754743e-04
1126  6.0030721117046632e-04
1668  6.1824650274780013e-04
1646  6.2009055334675601e-04
 889  6.2730418694175003e-04
 940  6.3878968553299339e-04
 935  6.7039593743932003e-04
1735  7.2526253719944645e-04
 885  7.2619466215742914e-04
 938  7.3116001019486298e-04
1666  7.3291703494114387e-04
1116  7.4392836861528254e-04
 925  7.4859733539654413e-04
1645  7.5152923728503030e-04
1377  7.6612107752741291e-04
 445  7.6941977990375597e-04
1558  7.7048216140050913e-04
1648  7.7207785112052749e-04
1617  7.8047507916364112e-04
1411  8.1161196005864180e-04
1111  8.1171303735156318e-04
1472  8.1365254134021126e-04
1361  8.1861959773836632e-04
1166  8.1950518156427750e-04
 319  8.2531005391754263e-04
1440  8.4255541239875256e-04
1114  8.6205229505813643e-04
1733  8.8001623547603609e-04
1424  8.9132343982143390e-04
1609  8.9809549389110554e-04
1353  9.0374284117036038e-04
1642  9.3281913069152866e-04
 883  9.6092406187515370e-04
1416  9.6266341647127066e-04
 923  1.0245494404942514e-03
 734  1.0330555810988229e-03
1349  1.0817676289110692e-03
1605  1.1102061741101634e-03
1412  1.1202764074395215e-03
 443  1.1301079354337062e-03
 888  1.1917766363186662e-03
1640  1.1953426781998659e-03
 934  1.2099530210807705e-03
 877  1.2370311179268081e-03
1329  1.2571815068806147e-03
1085  1.3024213979365028e-03
 470  1.3325379208133344e-03
 884  1.3530759450063482e-03
 924  1.3830499454330659e-03
1347  1.4219378642184816e-03
1410  1.4223028036171729e-03
1616  1.4394495860270723e-03
 444  1.4406747530879055e-03
1321  1.4469577571872435e-03
1110  1.4733569303918776e-03
1376  1.4764843585278484e-03
1639  1.4888817403715749e-03
1732  1.4968878736559140e-03
1360  1.5607350038509278e-03
1249  1.5803131169922241e-03
1603  1.5852642222418459e-03
1103  1.6420322410687299e-03
 882  1.6476794079937542e-03
1608  1.6491786430419138e-03
 919  1.6715064868764004e-03
1352  1.7066530231249349e-03
 922  1.7138551080781571e-03
1595  1.7722687533726707e-03
 439  1.7746821395213852e-03
1233  1.8037658437383744e-03
 875  1.8164580734623993e-03
1317  1.8218078353167033e-03
 442  1.8358530766884990e-03
1637  1.8791234438828575e-03
1083  1.9074960149320383e-03
1604  1.9871027897443699e-03
1348  1.9996159197094910e-03
1594  2.1051485895796805e-03
1225  2.2122148185897508e-03
 876  2.2539793209457298e-03
1084  2.3532242813461340e-03
1328  2.3855287705475525e-03
1315  2.4459116643240349e-03
1305  2.4844733338959062e-03
1346  2.5457146250854657e-03
1602  2.5496388076339661e-03
 512  2.6044349366606025e-03
1320  2.7028431810613741e-03
1592  2.8156122287295005e-03
 871  2.8598323742315287e-03
1221  2.8700153661266633e-03
1577  2.9447809488492862e-03
 874  2.9699356065921809e-03
1201  2.9911855560245141e-03
 918  3.0156115872679657e-03
 761  3.0404445480956420e-03
1248  3.0430189457413643e-03
1082  3.0915809032654343e-03
1636  3.1402294539606516e-03
1079  3.1404967907505887e-03
 861  3.1411033602513081e-03
 703  3.2049299102323487e-03
 438  3.2252123914899844e-03
1591  3.2974541823718980e-03
1301  3.3058094480423014e-03
1316  3.3076180739893602e-03
1232  3.4216990772296110e-03
 499  3.4578099142676781e-03
1102  3.4818342060260405e-03
 911  3.8186887989422767e-03
1193  3.8190010256914072e-03
1219  4.0524269057814885e-03
 498  4.0846591290617023e-03
1224  4.0968282133168714e-03
 489  4.1190799651158478e-03
1573  4.1259749818614777e-03
 757  4.1708464992720531e-03
1314  4.2606100783028769e-03
 431  4.3184361487528479e-03
1589  4.4796295351642911e-03
1304  4.5285543522383910e-03
1299  4.7423902143221650e-03
 859  4.7445694394383491e-03
 702  5.1089520099716857e-03
 993  5.1315492960540632e-03
 870  5.1559508917711589e-03
1189  5.1603215070113728e-03
1220  5.1762651196447995e-03
 497  5.1836762972442274e-03
1576  5.2875232729850969e-03
 760  5.5009120721000353e-03
 860  5.5262183616428184e-03
1078  5.5470513879089089e-03
1200  5.5611932626877282e-03
1293  5.6927800840908087e-03
1300  5.8593312059310506e-03
 485  5.9320403365844335e-03
 755  6.1167362401800471e-03
1571  6.2218614030355775e-03
 977  6.2862902511409179e-03
1177  6.6346861978751094e-03
1218  6.8730841039862847e-03
1192  6.9029742430511765e-03
1137  6.9248899285718228e-03
1588  7.1347377514630658e-03
1572  7.1579048001359979e-03
 756  7.2980950987072213e-03
 488  7.3190729391056477e-03
 910  7.4024391526884472e-03
1187  7.4502573499382720e-03
 749  7.7504343173860147e-03
1566  7.7551966651453180e-03
 858  7.7640950223853500e-03
1298  7.9701308210056842e-03
1071  8.0473468001953652e-03
 969  8.1734702453929511e-03
 430  8.2704989804384815e-03
 855  8.4058743167591231e-03
1291  8.6088593352785809e-03
 483  8.9312514925421593e-03
1188  9.0673935492086282e-03
1173  9.4467912363922248e-03
 992  9.5895107264653539e-03
1129  9.6242378712078202e-03
1793  9.7865549755346282e-03
1292  9.8511956443463576e-03
1570  1.0062209972695529e-02
 754  1.0170172990710418e-02
 484  1.0184809733443403e-02
 945  1.1226343983960321e-02
 478  1.1296960497964637e-02
 976  1.1447280402143751e-02
1565  1.1558698694041010e-02
1176  1.1570798499468566e-02
 965  1.1594038734962593e-02
1920  1.1648992913365639e-02
 829  1.1649834309115597e-02
 747  1.2034062636790927e-02
1136  1.2299294548788722e-02
1186  1.2555902729168919e-02
 748  1.3208828328926097e-02
1125  1.3796239507106007e-02
1171  1.4174935334576824e-02
1290  1.4275516680803516e-02
1752  1.4293425705037645e-02
 968  1.4450843183524598e-02
1070  1.4456080296794726e-02
 482  1.4604232138036596e-02
 854  1.4686129771563200e-02
1287  1.4878757844197611e-02
 937  1.5996744060134266e-02
1172  1.6154223814897402e-02
1128  1.6559798674565522e-02
 963  1.6771397757124617e-02
 477  1.7009138285519896e-02
1739  1.7190301900934273e-02
1557  1.7262501070380704e-02
 639  1.7349773515596020e-02
 415  1.7425026728971657e-02
1165  1.7673994034237001e-02
1564  1.7750659353980118e-02
1113  1.7892190969032190e-02
1792  1.8040164219956689e-02
 827  1.8297355704427955e-02
1665  1.9488220701827961e-02
 828  1.9489939419906368e-02
 944  1.9673297281684540e-02
 746  1.9760581238756996e-02
 964  1.9769736603246775e-02
1123  2.0537116055230033e-02
 733  2.1295451810753107e-02
1734  2.1928701826623119e-02
 847  2.2145294716759637e-02
 743  2.2154285223176549e-02
1124  2.3255241359165426e-02
1170  2.3496893821339789e-02
 933  2.4076745391711642e-02
 318  2.5085450874884625e-02
1286  2.5865237539259324e-02
 476  2.6127690399366164e-02
 469  2.6297999188148295e-02
1555  2.7049234588040511e-02
1163  2.7212651192875203e-02
 936  2.7261306063179187e-02
1109  2.7595675713674359e-02
1556  2.8089271231479581e-02
 962  2.8375764427003968e-02
 414  2.8463591069900609e-02
1643  2.8809879518334081e-02
1164  2.9075495213285604e-02
 881  2.9081774072430757e-02
1055  2.9214614424845641e-02
 638  2.9503267789026399e-02
 826  2.9733768566472765e-02
1112  2.9939081001418295e-02
 921  3.0261826505770136e-02
1731  3.0643485762173378e-02
 441  3.1643336315994031e-02
1664  3.2481714109245066e-02
1409  3.2819524560219006e-02
 731  3.3384375589413644e-02
1122  3.3902285618242427e-02
 732  3.4718537831530200e-02
 823  3.4843138430444849e-02
 931  3.5808810302706363e-02
1638  3.6762329331468210e-02
 846  3.7267706906989148e-02
 317  3.7279469238824484e-02
 742  3.7484802188541284e-02
 932  3.9579106550726079e-02
 467  4.1189979328721447e-02
1601  4.1750614570632665e-02
1107  4.2066165560757929e-02
 468  4.2169787540355573e-02
1554  4.3059372932173906e-02
1345  4.3295516154936702e-02
1162  4.4142439032504810e-02
1730  4.4321527913611457e-02
1108  4.4880688363664809e-02
 873  4.5261072259846560e-02
1054  4.6706598552110484e-02
1081  4.6806361422268634e-02
 917  4.7713540278651378e-02
 880  4.8508485617174073e-02
1159  4.9253490098634493e-02
1551  4.9325437755394372e-02
 920  4.9580522115699653e-02
 437  4.9747046765007713e-02
1635  5.0847368050269799e-02
 440  5.1508089291342700e-02
1101  5.3549048746490760e-02
 730  5.3560772214584412e-02
 822  5.7243214171684986e-02
1408  5.8172832091560496e-02
 930  5.8245756012168762e-02
1313  6.0082045742767459e-02
 383  6.0899470572184158e-02
 727  6.2956000741895224e-02
1590  6.3009603528288091e-02
 466  6.4779086060933036e-02
 315  6.5358150393147477e-02
1600  6.6115206476302771e-02
1729  6.6668512057280874e-02
1106  6.7239301986359259e-02
 869  6.9654959879943953e-02
 701  7.0610472560112658e-02
 915  7.2115660208512511e-02
1634  7.2365317532698772e-02
 872  7.2433397962731558e-02
1077  7.3857158709428133e-02
1344  7.4034099384138893e-02
1080  7.4172744790596087e-02
 463  7.4540590881111951e-02
 916  7.5425033186445695e-02
 435  7.5729075655254663e-02
1550  7.8029400057924470e-02
 436  7.8726260021399569e-02
1217  7.9063931378122246e-02
1158  7.9615119004739249e-02
1099  8.2155112069631359e-02
 815  8.2829568965175002e-02
1100  8.3456417073803302e-02
 496  8.7925955687557664e-02
1297  8.8304648020607862e-02
1587  8.8602560399260497e-02
 857  8.9058947149087214e-02
 909  8.9933151279196294e-02
 429  9.6540190441662233e-02
 382  9.7346307073655672e-02
1312  9.8876121685658305e-02
 726  9.9692982089858911e-02
 314  1.0115952383602302e-01
 753  1.0308564441882766e-01
 867  1.0362038027087105e-01
1633  1.0401957388490486e-01
1569  1.0441510983116677e-01
 868  1.0789246889655717e-01
 699  1.0830794438916608e-01
 700  1.0863437366282305e-01
1075  1.1107321318394883e-01
 914  1.1219322270049301e-01
1076  1.1319154821042554e-01
 462  1.1489430110497999e-01
1185  1.1698711177637525e-01
 434  1.1764707949211903e-01
1586  1.2461503490665191e-01
1098  1.2581816255967934e-01
1216  1.2661602883070522e-01
 814  1.2752050316743721e-01
1289  1.3079579511816555e-01
 481  1.3209339616006036e-01
 907  1.3529697711296243e-01
 856  1.3583111323907318e-01
 719  1.3592144190338945e-01
 908  1.3611247027155185e-01
1296  1.3822675489465389e-01
 853  1.3872143914722493e-01
1069  1.3875885507882313e-01
1095  1.4269817629975506e-01
 427  1.4537636063076842e-01
 428  1.4574316867438072e-01
1568  1.5564424970955809e-01
1563  1.5696563244439565e-01
 752  1.5711210679419227e-01
 866  1.5726792794367656e-01
 745  1.6160104301683631e-01
 698  1.6292940751743290e-01
1074  1.6649492326237497e-01
1585  1.7264695418459775e-01
1169  1.7571831518016398e-01
1543  1.7764878580704199e-01
1184  1.7885912845610730e-01
 695  1.8628925074799824e-01
 799  1.8721479233441718e-01
1285  1.9223243145831526e-01
 480  1.9394966826777707e-01
1288  1.9555000354851726e-01
 961  1.9588488229919307e-01
 475  1.9763756703193397e-01
 906  1.9948398564460523e-01
 718  2.0097968827614515e-01
 851  2.0193117589708051e-01
1068  2.0199034569739030e-01
 852  2.0279506367743702e-01
1067  2.0371480033335176e-01
 413  2.0734499802522807e-01
 825  2.0843984118681710e-01
1094  2.1012308964874113e-01
 637  2.1159362157797360e-01
 426  2.1319024956282834e-01
1562  2.1564234504604082e-01
1121  2.1724537851111664e-01
 903  2.2176999040448789e-01
 307  2.2625243879918197e-01
 744  2.3444552129760834e-01
 423  2.3793472317153733e-01
 741  2.4144581897582049e-01
 455  2.4170686290528370e-01
 845  2.4274200343237454e-01
1168  2.5495318300644637e-01
1553  2.5904179173440572e-01
1161  2.5978621119187939e-01
 694  2.6710779116183120e-01
 474  2.6769895035802432e-01
1283  2.6817501512632125e-01
 798  2.6958608322315153e-01
1284  2.7407907505202789e-01
1053  2.7603568416709368e-01
 960  2.8459422164984394e-01
 850  2.8535164968721832e-01
1066  2.8652537623953356e-01
1561  2.8764701295060219e-01
 412  2.9112609052781346e-01
 729  2.9269991185615879e-01
 824  2.9282731917119931e-01
 411  2.9352026207707016e-01
 636  2.9721581603404679e-01
 929  2.9846756337162683e-01
 316  2.9913688871669269e-01
 635  2.9953557580363793e-01
1120  3.0739749804522004e-01
 821  3.0799228836815518e-01
 902  3.1082796105363880e-01
1063  3.1550135168901644e-01
 687  3.2046673178735402e-01
 465  3.2588096788385340e-01
1105  3.2755189887563446e-01
 422  3.3077645166592373e-01
 740  3.3254501714728341e-01
 739  3.3281762331257903e-01
 844  3.3303793221255068e-01
 843  3.3679470696473734e-01
1552  3.4888548835988398e-01
 473  3.5016025673754608e-01
1160  3.5611782304144746e-01
1549  3.6394518221643868e-01
1157  3.6553990010175380e-01
1282  3.6822642380269643e-01
1052  3.7225531027035463e-01
1051  3.7712281318765695e-01
 728  3.9291417001299062e-01
 295  3.9469439221249603e-01
 410  3.9510509027455015e-01
 634  4.0309196444067252e-01
 928  4.0366213894339326e-01
 381  4.0790747419886042e-01
 820  4.0889134632771795e-01
1728  4.1111906621225652e-01
 819  4.1305252987415292e-01
 725  4.1434935381565818e-01
 255  4.1622290751063767e-01
 313  4.1823101366527082e-01
1062  4.1957861570874466e-01
 407  4.2408775959965195e-01
 464  4.2569626873250627e-01
 686  4.2821391913859069e-01
 631  4.3247345174230256e-01
 913  4.3261464293493451e-01
1104  4.3353742915710181e-01
 738  4.3908956403711646e-01
 842  4.4242116465723547e-01
 433  4.4411941278863137e-01
 461  4.4564868378958133e-01
1097  4.6324006223443975e-01
1548  4.6520968346446917e-01
1547  4.6855392284911829e-01
 813  4.7088339332677404e-01
 839  4.7141426662407421e-01
1156  4.7346816478192949e-01
1155  4.7366804165441428e-01
1050  4.8625660240225405e-01
 671  4.9483535478482044e-01
1632  4.9626574809995921e-01
 865  5.1416306416074387e-01
1047  5.1500148172015336e-01
 380  5.1942260016430664e-01
 312  5.2270477418149741e-01
 379  5.2289897010346120e-01
 724  5.2376787021399773e-01
 818  5.2391578540203498e-01
 311  5.2821363280180489e-01
 697  5.2906341270922419e-01
 723  5.2913011536322263e-01
1073  5.3243030741397934e-01
 406  5.3822400954001537e-01
 254  5.4477040045328007e-01
 912  5.4492196175355001e-01
 630  5.4833623170491230e-01
 460  5.5133260686608287e-01
 459  5.5599300686071318e-01
 432  5.5631956698934615e-01
1096  5.7352282412742384e-01
1546  5.7443766352391523e-01
 399  5.8014459004497088e-01
 812  5.8087896946284889e-01
 905  5.8235979084854228e-01
 838  5.8465513330340879e-01
1154  5.8647365224068282e-01
 811  5.8729081053278720e-01
 717  5.8762390185281921e-01
 623  5.8990087978505368e-01
1093  5.9924125227706082e-01
 425  6.0131731520886178e-01
 670  6.1451342405180220e-01
1584  6.1857220010968916e-01
 864  6.2481597354537433e-01
1046  6.2746080341267718e-01
1542  6.2902065172077959e-01
 310  6.3284289747397826e-01
 378  6.3530979591992320e-01
 696  6.3765285683959183e-01
 722  6.3881064582347524e-01
1072  6.4030698688857302e-01
 375  6.5516266479652019e-01
 458  6.5968223419692928e-01
1039  6.6338532976664044e-01
 693  6.6924149512205899e-01
 797  6.7144775544731894e-01
 904  6.8631798429926050e-01
 849  6.8659962904587779e-01
1065  6.8985401430288829e-01
 716  6.9135903905540963e-01
 398  6.9143556225972946e-01
 810  6.9258740302723421e-01
 306  6.9291103637097562e-01
 715  6.9724302779923331e-01
1092  7.0076328771612162e-01
 622  7.0204278889730254e-01
 424  7.0348746079037028e-01
1091  7.0570537690193536e-01
 454  7.1037941105263402e-01
 807  7.1237968288509179e-01
 901  7.1388954438258301e-01
1541  7.1995734351558094e-01
 421  7.3292068915032738e-01
 607  7.3691631330534191e-01
1560  7.5539299015920025e-01
 374  7.5618727419945309e-01
 158  7.6054485628698087e-01
 692  7.6234274267211155e-01
1281  7.6246442823161920e-01
1038  7.6338578439350457e-01
 796  7.6515997209078612e-01
 691  7.6783170610150753e-01
 795  7.6986957662275701e-01
 305  7.7607662750556394e-01
 848  7.7624359079599758e-01
 367  7.7710729222706809e-01
1064  7.7818262097025837e-01
 303  7.8180117456322995e-01
 409  7.8758219943321472e-01
 714  7.8761226254245398e-01
 453  7.9064857617039208e-01
1090  7.9366680599088602e-01
 633  7.9383050427639046e-01
 900  7.9895239438034082e-01
 711  8.0135652339562469e-01
 806  8.0156682698485449e-01
1540  8.0314082957977329e-01
 899  8.0324841911160738e-01
1061  8.0723288591942299e-01
 472  8.0913591800666562e-01
 685  8.1240337916675309e-01
 420  8.1454715978351544e-01
 419  8.1883026799266301e-01
 737  8.1950090458478386e-01
 841  8.2316332350593591e-01
 606  8.2752217511080095e-01
1280  8.3945750799461172e-01
 294  8.4095806794998051e-01
 690  8.4367619779569614e-01
 794  8.4608680745978826e-01
 575  8.4793460712093560e-01
1049  8.5199623060429419e-01
 302  8.5469694455817991e-01
 791  8.5547503941333691e-01
 366  8.5569872010186199e-01
 408  8.5703486804922557e-01
 452  8.5970639650948577e-01
 632  8.6223347965442221e-01
 351  8.6968877624088359e-01
 898  8.7027490111244465e-01
 710  8.7067354349969683e-01
1060  8.7119049685822658e-01
 817  8.7373755917057472e-01
1059  8.7560545652647537e-01
 684  8.7654154811592144e-01
 683  8.7985088335569983e-01
 405  8.8057954515844383e-01
 736  8.8067232465248535e-01
 253  8.8161010858111533e-01
 418  8.8193827344689502e-01
 840  8.8289801115901678e-01
 629  8.8594191601789185e-01
 293  8.9369194663423690e-01
1545  8.9928095483184201e-01
1048  9.0386492856257450e-01
 837  9.0458065502298901e-01
1153  9.0465926532134544e-01
 574  9.0952533767603305e-01
 790  9.1011608590693704e-01
 669  9.1684830926468563e-01
 783  9.1725348405167295e-01
 816  9.1927139269101688e-01
1058  9.2173733867867180e-01
 350  9.2274547580638133e-01
1045  9.2350902616075703e-01
 404  9.2498773115716193e-01
 309  9.2566444969498429e-01
 682  9.2574423269550343e-01
 377  9.2614147178006168e-01
 403  9.2730104100406563e-01
 252  9.2774936293194465e-01
 251  9.2836663779016881e-01
 721  9.2836903975395868e-01
 628  9.2890604311558278e-01
 679  9.3009426944992457e-01
 627  9.3115634383205648e-01
 292  9.3415923542618362e-01
1544  9.3587677357586641e-01
 457  9.3610372968810718e-01
 287  9.3772867270405036e-01
 836  9.4083829690930110e-01
1152  9.4087714788444654e-01
 835  9.4325503012568268e-01
 397  9.4662025382253612e-01
 809  9.4821937456152705e-01
 668  9.4998090591268214e-01
 621  9.5016584188262887e-01
 667  9.5138496289488272e-01
 782  9.5190849247601828e-01
1044  9.5342638201949770e-01
 308  9.5389928164156446e-01
 376  9.5546243825878652e-01
1043  9.5546676985912593e-01
 720  9.5635556133460209e-01
 402  9.5683799775722878e-01
 250  9.5890410095090972e-01
 678  9.5936544438198690e-01
 626  9.5944841604428899e-01
 247  9.6026653384387395e-01
 456  9.6094533412990391e-01
 286  9.6513492084222963e-01
 373  9.6641813790303477e-01
 834  9.6660167419838017e-01
1037  9.6863430570755649e-01
 396  9.6884753322426653e-01
 808  9.6914861030220500e-01
 395  9.6978576393148086e-01
 620  9.7113844100434199e-01
 619  9.7206432532798559e-01
 666  9.7229686104320057e-01
 663  9.7368932115893747e-01
1042  9.7419759580253940e-01
 713  9.7497553212580779e-01
1089  9.7637364799488624e-01
 805  9.7794318829636040e-01
1539  9.7810569935994662e-01
 246  9.7856149235167544e-01
 239  9.7950009722164266e-01
 156  9.7950041253609887e-01
 372  9.8093422151984411e-01
 371  9.8158111615655153e-01
 274  9.8190930654737973e-01
1036  9.8209053747592157e-01
 304  9.8266320277527974e-01
 605  9.8272086473690012e-01
1035  9.8291347223461889e-01
 394  9.8319221485886332e-01
 391  9.8401243464929045e-01
 618  9.8457454444155235e-01
 615  9.8536809305454920e-01
 712  9.8570705738086062e-01
 662  9.8577016007906382e-01
 689  9.8626038825393503e-01
1088  9.8643661506237557e-01
 655  9.8656752710128814e-01
 793  9.8660284764187012e-01
1538  9.8751022790405651e-01
 804  9.8754716830550893e-01
 365  9.8776891910511311e-01
 301  9.8777126070486398e-01
 803  9.8819228773513268e-01
 154  9.8840829318233758e-01
 451  9.8866542509305333e-01
 238  9.8978029055930106e-01
 370  9.8997651031798883e-01
 223  9.9017033048781433e-01
 709  9.9040480287597243e-01
 897  9.9042252943917752e-01
 604  9.9059337085545174e-01
1034  9.9062611246561338e-01
 603  9.9095621219563568e-01
1031  9.9120607907930924e-01
 390  9.9145764566407646e-01
 417  9.9198421086764832e-01
 614  9.9227908212633187e-01
 688  9.9234291148730791e-01
 792  9.9257111953588073e-01
 654  9.9299866927627711e-01
1537  9.9316202232429418e-01
 300  9.9329103273369612e-01
 364  9.9343007258468319e-01
 802  9.9355281131842887e-01
 299  9.9360388648632314e-01
 363  9.9368286920951010e-01
 450  9.9374587057828401e-01
 148  9.9386848028758379e-01
 896  9.9471032511615354e-01
 708  9.9476781410719395e-01
 707  9.9505827485775433e-01
 573  9.9507037550652955e-01
 789  9.9526696088762800e-01
 602  9.9527441801447980e-01
1030  9.9530092766015843e-01
 222  9.9542525517384917e-01
 195  9.9543211441018919e-01
 599  9.9557234011444296e-01
 416  9.9564376135262012e-01
 349  9.9637012815829240e-01
1057  9.9647054235623711e-01
 298  9.9660599445943421e-01
 449  9.9667561155783324e-01
 362  9.9673146769808618e-01
 681  9.9677320263882085e-01
 359  9.9693039573803188e-01
 138  9.9694560860644010e-01
 706  9.9736347243209078e-01
 291  9.9738511316835254e-01
 572  9.9743739894336214e-01
 788  9.9748114690216305e-01
 571  9.9760125321465976e-01
 787  9.9764806151674634e-01
 159  9.9772613600189164e-01
 598  9.9776493583854498e-01
 591  9.9791293523391156e-01
1056  9.9808675249239787e-01
 348  9.9813640363729705e-01
 347  9.9825226398376432e-01
 680  9.9828756567411880e-01
 358  9.9844389223417929e-01
 111  9.9853307824385562e-01
 781  9.9861921092536710e-01
 290  9.9863945016778877e-01
 786  9.9876623251858165e-01
 570  9.9879470970972917e-01
 401  9.9888346765778924e-01
 567  9.9892278663434275e-01
 590  9.9895258579521540e-01
 249  9.9897325757220912e-01
 677  9.9901685795774453e-01
 625  9.9902279814405104e-01
 346  9.9912985979852398e-01
 343  9.9921319405919062e-01
 285  9.9926125265380250e-01
 780  9.9928678221691802e-01
 289  9.9931407607156075e-01
 833  9.9933872000813917e-01
 779  9.9935401703505744e-01
 400  9.9942204348847008e-01
 566  9.9945494604896301e-01
 248  9.9948369404575277e-01
 624  9.9949068266810481e-01
 110  9.9949068452523249e-01
 676  9.9949209416083651e-01
 559  9.9950481625625442e-01
 675  9.9954043918299751e-01
 665  9.9954553726471040e-01
 342  9.9960118767310746e-01
1041  9.9960847420108867e-01
 335  9.9963092389929376e-01
 284  9.9963669493781926e-01
 832  9.9965079431470827e-01
 778  9.9966041493361713e-01
 283  9.9968040398339886e-01
 775  9.9969485528731972e-01
 245  9.9973192249110132e-01
  63  9.9973683665713020e-01
 558  9.9974787095917428e-01
 674  9.9975545263650911e-01
 543  9.9975811252484881e-01
 664  9.9976640399852457e-01
1040  9.9979237064596038e-01
 334  9.9981207762881441e-01
 393  9.9983016578628747e-01
 774  9.9983528309116576e-01
 282  9.9983740027649382e-01
 279  9.9986074523547419e-01
 617  9.9986076803134416e-01
 244  9.9986798871178106e-01
 528  9.9987671238752729e-01
 661  9.9988297115448133e-01
 243  9.9989258862192321e-01
 272  9.9990120741715405e-01
 392  9.9991215733355587e-01
 616  9.9992670593875821e-01
 275  9.9993097584985768e-01
 369  9.9993782827863131e-01
 660  9.9993795739714486e-01
 242  9.9994028603107610e-01
 237  9.9994335423897784e-01
1033  9.9994683459524325e-01
 659  9.9994840457377909e-01
 270  9.9995162223722789e-01
 389  9.9995407512851786e-01
 152  9.9995759594917222e-01
 613  9.9996350037192328e-01
 368  9.9996539498886172e-01
 658  9.9996794793752808e-01
1032  9.9996880352719186e-01
 653  9.9996939209427504e-01
 236  9.9996984777927722e-01
 801  9.9997081523709885e-01
 388  9.9997358039624606e-01
1536  9.9997649743205097e-01
 387  9.9997669099491426e-01
 235  9.9997768797851960e-01
 612  9.9997790619255200e-01
 267  9.9998057861071665e-01
 652  9.9998084047884384e-01
 800  9.9998118877152087e-01
 611  9.9998140249233836e-01
1029  9.9998230339134830e-01
 601  9.9998325292583534e-01
 651  9.9998380454602254e-01
 385  9.9998486777681195e-01
 194  9.9998507854612939e-01
 221  9.9998519388922380e-01
 146  9.9998544786415799e-01
 233  9.9998569294644957e-01
 610  9.9998587467049660e-01
 231  9.9998642500632684e-01
1028  9.9998699446955774e-01
 297  9.9998709528261975e-01
 265  9.9998722375583093e-01
 600  9.9998771328661329e-01
 361  9.9998804581219147e-01
 649  9.9998809209378847e-01
 647  9.9998814311891382e-01
1027  9.9998821697258589e-01
 448  9.9998846456293877e-01
 220  9.9998899469798519e-01
 705  9.9998911815969838e-01
 145  9.9998951610632403e-01
 229  9.9998968609103112e-01
 296  9.9998976093917558e-01
 360  9.9999017020451397e-01
 644  9.9999022093393775e-01
1025  9.9999022095763956e-01
 219  9.9999052997767857e-01
 704  9.9999058596443757e-01
 597  9.9999073259117577e-01
 193  9.9999080269876273e-01
 218  9.9999096104475305e-01
 136  9.9999122193625301e-01
 596  9.9999144448052202e-01
 357  9.9999146964367591e-01
 215  9.9999149555531597e-01
 190  9.9999155288874564e-01
 214  9.9999168622890211e-01
 785  9.9999169132019072e-01
 595  9.9999174270341584e-01
 208  9.9999181776177604e-01
 133  9.9999181999935149e-01
 356  9.9999183035674277e-01
 569  9.9999190595986265e-01
 784  9.9999191455804715e-01
 355  9.9999194280084180e-01
 589  9.9999195035502764e-01
 593  9.9999195764381976e-01
 157  9.9999197356070813e-01
 199  9.9999201224450862e-01
 184  9.9999201361385948e-01
 288  9.9999201899998913e-01
 354  9.9999202650259866e-01
 568  9.9999202728583980e-01
 345  9.9999203503948497e-01
 132  9.9999205507377331e-01
 588  9.9999205678274816e-01
 176  9.9999209145733547e-01
 344  9.9999210357096957e-01
 587  9.9999210983147946e-01
 155  9.9999213767298478e-01
 565  9.9999213953878174e-01
 585  9.9999214136265147e-01
 583  9.9999214252134505e-01
  62  9.9999215187462143e-01
 582  9.9999215296814969e-01
 109  9.9999215321031254e-01
 341  9.9999215457776447e-01
 777  9.9999215516369422e-01
 542  9.9999215544575559e-01
 564  9.9999215599957558e-01
 673  9.9999216360989684e-01
 776  9.9999216394736368e-01
 151  9.9999216440184990e-01
 340  9.9999216474059494e-01
 108  9.9999216553290937e-01
 563  9.9999216614361053e-01
 562  9.9999216665753043e-01
 672  9.9999216858474016e-01
 557  9.9999216883040398e-01
 278  9.9999216888338460e-01
 143  9.9999216910810407e-01
 339  9.9999216937094271e-01
 338  9.9999217018592101e-01
 773  9.9999217080551039e-01
 106  9.9999217081632696e-01
 333  9.9999217098232052e-01
 127  9.9999217143357511e-01
 107  9.9999217151393205e-01
 556  9.9999217164649068e-01
 281  9.9999217232335336e-01
 772  9.9999217238761706e-01
 332  9.9999217273548291e-01
 103  9.9999217289043274e-01
 541  9.9999217296071430e-01
 100  9.9999217315959132e-01
 555  9.9999217317972855e-01
 771  9.9999217334671919e-01
 280  9.9999217346913938e-01
 331  9.9999217351608505e-01
 553  9.9999217355228831e-01
  97  9.9999217356676162e-01
 540  9.9999217362707982e-01
  61  9.9999217364214443e-01
 552  9.9999217369031879e-01
 526  9.9999217370808602e-01
 769  9.9999217371204097e-01
  80  9.9999217371392979e-01
  92  9.9999217381259498e-01
 327  9.9999217386695083e-01
 329  9.9999217386749140e-01
 277  9.9999217387557648e-01
 547  9.9999217387886508e-01
 537  9.9999217390099837e-01
 525  9.9999217400296025e-01
  60  9.9999217400970541e-01
 325  9.9999217408427077e-01
 241  9.9999217409818086e-01
 519  9.9999217414208164e-01
 212  9.9999217415398545e-01
 213  9.9999217415475183e-01
 209  9.9999217415481523e-01
 211  9.9999217415486130e-01
 210  9.9999217415486141e-01
 386  9.9999217416535369e-01
  50  9.9999217416705699e-01
 234  9.9999217416768149e-01
  57  9.9999217417336750e-01
 130  9.9999217417462316e-01
 128  9.9999217417465380e-01
 129  9.9999217417465380e-01
 131  9.9999217417465502e-01
 134  9.9999217417466324e-01
 135  9.9999217417466457e-01
 137  9.9999217417466502e-01
 511  9.9999217418288144e-01
 216  9.9999217418506003e-01
 217  9.9999217418558484e-01
 273  9.9999217418823083e-01
 198  9.9999217418857489e-01
 197  9.9999217418858377e-01
 196  9.9999217418858521e-01
 266  9.9999217418931341e-01
 200  9.9999217419318298e-01
 201  9.9999217419318320e-01
 202  9.9999217419318820e-01
 203  9.9999217419318898e-01
 204  9.9999217419319952e-01
 205  9.9999217419320119e-01
 206  9.9999217419320174e-01
 207  9.9999217419320185e-01
  31  9.9999217419477004e-01
 546  9.9999217420062247e-01
 544  9.9999217420062458e-01
 545  9.9999217420062458e-01
 144  9.9999217420136188e-01
 240  9.9999217420259223e-01
 554  9.9999217420386932e-01
 147  9.9999217420398256e-01
 548  9.9999217420556996e-01
 549  9.9999217420557052e-01
 551  9.9999217420559494e-01
 550  9.9999217420559505e-01
 328  9.9999217420640540e-01
 232  9.9999217420774789e-01
 518  9.9999217420877340e-01
 516  9.9999217420877995e-01
 517  9.9999217420877995e-01
 510  9.9999217420881148e-01
 506  9.9999217420881426e-01
 507  9.9999217420881426e-01
 508  9.9999217420881459e-01
 509  9.9999217420881481e-01
 503  9.9999217420881870e-01
 502  9.9999217420881914e-01
 657  9.9999217420930486e-01
  98  9.9999217420986142e-01
  99  9.9999217420986219e-01
 330  9.9999217421940123e-01
 650  9.9999217422061093e-01
 322  9.9999217422118203e-01
 323  9.9999217422118269e-01
 321  9.9999217422118380e-01
 324  9.9999217422118380e-01
 320  9.9999217422118392e-01
 326  9.9999217422223952e-01
 384  9.9999217422285203e-01
  86  9.9999217422301390e-01
  87  9.9999217422301390e-01
  91  9.9999217422301412e-01
  90  9.9999217422301423e-01
  84  9.9999217422301445e-01
  85  9.9999217422301445e-01
  81  9.9999217422301767e-01
  82  9.9999217422301767e-01
  83  9.9999217422301767e-01
  89  9.9999217422301845e-01
  88  9.9999217422301867e-01
 584  9.9999217422311215e-01
 352  9.9999217422368214e-01
 353  9.9999217422379749e-01
 560  9.9999217422702968e-01
 561  9.9999217422706144e-01
 230  9.9999217422727826e-01
 524  9.9999217422799747e-01
 527  9.9999217422801268e-01
 114  9.9999217422940923e-01
 115  9.9999217422940923e-01
 112  9.9999217422940934e-01
 113  9.9999217422940934e-01
 122  9.9999217422941511e-01
 116  9.9999217422941522e-01
 117  9.9999217422941522e-01
 118  9.9999217422941522e-01
 119  9.9999217422941522e-01
 120  9.9999217422941522e-01
 121  9.9999217422941522e-01
 268  9.9999217422954767e-01
 126  9.9999217422970166e-01
 125  9.9999217422970199e-01
 124  9.9999217422970221e-01
 123  9.9999217422970677e-01
 656  9.9999217423032594e-01
 186  9.9999217423033326e-01
 187  9.9999217423033404e-01
 185  9.9999217423033415e-01
 188  9.9999217423033449e-01
 189  9.9999217423033449e-01
 139  9.9999217423049602e-01
 142  9.9999217423053577e-01
 141  9.9999217423054310e-01
 140  9.9999217423054576e-01
 192  9.9999217423059239e-01
 191  9.9999217423107267e-01
 336  9.9999217423112952e-01
 337  9.9999217423114017e-01
 648  9.9999217423179920e-01
 226  9.9999217423186637e-01
 224  9.9999217423187159e-01
 225  9.9999217423187170e-01
 153  9.9999217423273390e-01
 228  9.9999217423440301e-01
  51  9.9999217423488918e-01
  52  9.9999217423492848e-01
  53  9.9999217423492848e-01
  56  9.9999217423493147e-01
  55  9.9999217423493303e-01
  54  9.9999217423493325e-01
  58  9.9999217423504949e-01
  59  9.9999217423505171e-01
 149  9.9999217423505349e-01
 150  9.9999217423507880e-01
 264  9.9999217423514208e-01
 271  9.9999217423572628e-01
 227  9.9999217423637432e-01
 101  9.9999217423673992e-01
 102  9.9999217423677855e-01
 646  9.9999217423700493e-01
 608  9.9999217423706277e-01
 269  9.9999217423726083e-01
 178  9.9999217423732656e-01
 179  9.9999217423732667e-01
 177  9.9999217423733189e-01
 180  9.9999217423737785e-01
 181  9.9999217423738018e-01
 182  9.9999217423738096e-01
 577  9.9999217423738118e-01
 576  9.9999217423738129e-01
 183  9.9999217423738163e-01
 586  9.9999217423739051e-01
 580  9.9999217423746423e-01
 578  9.9999217423759990e-01
 579  9.9999217423759990e-01
 581  9.9999217423762077e-01
 609  9.9999217423824038e-01
 104  9.9999217423975018e-01
 105  9.9999217423975795e-01
  95  9.9999217423991604e-01
  96  9.9999217423991626e-01
  94  9.9999217423991638e-01
  93  9.9999217423991649e-01
 538  9.9999217424020603e-01
 539  9.9999217424020681e-01
 168  9.9999217424021225e-01
 170  9.9999217424021225e-01
 164  9.9999217424021269e-01
 165  9.9999217424021269e-01
 166  9.9999217424021269e-01
 167  9.9999217424021269e-01
 169  9.9999217424021292e-01
 162  9.9999217424022269e-01
 163  9.9999217424022269e-01
 160  9.9999217424022280e-01
 161  9.9999217424022302e-01
 173  9.9999217424066622e-01
 174  9.9999217424066733e-01
 175  9.9999217424066789e-01
 172  9.9999217424066800e-01
 171  9.9999217424069031e-01
  68  9.9999217424136599e-01
  69  9.9999217424136599e-01
  70  9.9999217424136599e-01
  71  9.9999217424136599e-01
 592  9.9999217424136722e-01
  64  9.9999217424136866e-01
  65  9.9999217424136866e-01
  66  9.9999217424136866e-01
  67  9.9999217424136866e-01
 261  9.9999217424142872e-01
  78  9.9999217424155451e-01
  76  9.9999217424155518e-01
  79  9.9999217424155551e-01
  77  9.9999217424155562e-01
  72  9.9999217424156606e-01
  73  9.9999217424156606e-01
  74  9.9999217424156606e-01
  75  9.9999217424156606e-01
1026  9.9999217424162190e-01
 531  9.9999217424180042e-01
 530  9.9999217424180054e-01
 529  9.9999217424180076e-01
 535  9.9999217424198727e-01
 534  9.9999217424198927e-01
 532  9.9999217424199149e-01
 533  9.9999217424199149e-01
 536  9.9999217424199371e-01
 594  9.9999217424210951e-01
 642  9.9999217424237774e-01
 643  9.9999217424241515e-01
 768  9.9999217424242881e-01
 641  9.9999217424254006e-01
 640  9.9999217424255415e-01
  32  9.9999217424269005e-01
  33  9.9999217424269005e-01
  34  9.9999217424269005e-01
  35  9.9999217424269005e-01
  39  9.9999217424269016e-01
  36  9.9999217424269027e-01
  37  9.9999217424269027e-01
  38  9.9999217424269027e-01
  42  9.9999217424286013e-01
  43  9.9999217424286013e-01
  47  9.9999217424286035e-01
  40  9.9999217424286069e-01
  41  9.9999217424286069e-01
  48  9.9999217424286080e-01
  49  9.9999217424286080e-01
  46  9.9999217424286113e-01
  45  9.9999217424286135e-01
  44  9.9999217424286146e-01
 645  9.9999217424298181e-01
 770  9.9999217424338205e-01
   4  9.9999217424346787e-01
   5  9.9999217424346787e-01
   6  9.9999217424346787e-01
   7  9.9999217424346787e-01
   8  9.9999217424346787e-01
   9  9.9999217424346787e-01
  10  9.9999217424346787e-01
  11  9.9999217424346787e-01
  12  9.9999217424346787e-01
  13  9.9999217424346787e-01
  14  9.9999217424346787e-01
  15  9.9999217424346787e-01
   0  9.9999217424346798e-01
   1  9.9999217424346798e-01
   2  9.9999217424346809e-01
   3  9.9999217424346809e-01
 276  9.9999217424366915e-01
1024  9.9999217424389153e-01
  28  9.9999217424390729e-01
  29  9.9999217424390729e-01
  24  9.9999217424390785e-01
  25  9.9999217424390807e-01
  26  9.9999217424390818e-01
  27  9.9999217424390818e-01
  30  9.9999217424390818e-01
  20  9.9999217424391262e-01
  21  9.9999217424391262e-01
  22  9.9999217424391262e-01
  23  9.9999217424391262e-01
  16  9.9999217424391351e-01
  17  9.9999217424391351e-01
  18  9.9999217424391351e-01
  19  9.9999217424391351e-01
 263  9.9999217424414955e-01
 262  9.9999217424418607e-01
 260  9.9999217424431208e-01
 256  9.9999217424432252e-01
 257  9.9999217424432252e-01
 258  9.9999217424435494e-01
 259  9.9999217424435638e-01
