0 0 0 0 0 0 0 0 0 0 0 0 0 0 0 0 0 0 0 0 0 0 0 0 0 0 0 0 0 0 0 0 0 0 0 0 0 0 0 0 0 0 0 0 0 0 0 0 0 1 0 0 0 1 0 0 0 1 0 0 0 0 0 0 0 0 0 0 0 1 0 0 0 0 0 0 0 0 0 0 0 0 0 0 0 0 0 0 0 0 0 0 1 0 0 0 0 0 0 0 0 0 0 0 0 0 0 0 0 1 0 1 0 0 1 0 0 1 0 0 0 1 0 0 1 0 1 0 0 0 0 1 0 0 0 0 0 1 0 0 1 0 0 1 0 0 0 1 0 0 1 0 0 1 0 1 0 1 0 1 0 1 0 0 0 0 0 1 0 0 1 0 1 0 1 0 0 0 0 0 0 0 1 0 0 1 0 0 0 0 1 0 0 1 0 0 1 0 0 1 0 1 0 0 1 0 0 0 0 0 1 0 0 0 0 0 0 0 1 0 1 0 1 0 0 0 1 0 0 1 0 0 1 0 1 0 1 0 1 0 1 0 1 0 1 0 1 0 1 0 0 0 0 1 0 0 0 1 0 0 0 0 0 0 0 0 0 0 1 0 0 0 1 0 0 0 0 0 0 0 0 0 0 0 0 0 0 1 0 0 0 1 0 0 1 0 0 0 0 0 0 0 0 0 0 0 0 0 1 0 1 0 0 0 1 0 1 0 1 0 0 0 0 0 0 0 0 1 0 0 0 1 0 0 1 0 0 0 1 0 0 0 1 0 0 0 1 0 1 0 1 0 0 1 0 1 0 0 1 0 1 0 1 0 1 0 1 0 1 0 1 0 1 0 1 0 1 0 1 0 1 0 1 0 0 0 0 1 0 0 0 0 0 0 0 0 1 0 1 0 0 1 0 0 0 0 1 0 1 0 1 0 1 0 1 0 0 0 1 0 1 0 1 0 1 0 1 0 1 0 1 0 1 0 1 0 1 0 1 0 1 0 1 0 1 0 1 0 1 0 1 0 1 0 1 0 1 0 1 0 1 0 1 0 1 0 1 0 1 0 1 0 1 0 1 0 1 0 1 0 1 0 1 0 1 0 1 0 1 0 1 0 1 0 1 0 1 0 1 0 1 0 1 0 1 0 1 0 1 0 0 0 0 1 0 0 1 0 0 0 1 0 1 0 1 0 1 0 0 0 1 0 1 0 1 0 1 0 1 0 1 0 1 0 0 0 1 0 1 0 1 0 1 0 1 0 1 0 1 0 1 0 1 0 1 0 1 0 1 0 1 0 1 0 1 0 1 0 1 0 1 0 1 0 1 0 1 0 1 0 1 0 1 0 1 0 1 0 1 0 1 0 1 0 1 0 1 0 1 0 1 0 1 0 1 0 1 0 1 0 1 0 1 0 1 0 1 0 1 0 1 0 1 0 1 0 1 0 0 0 1 0 1 0 1 0 1 0 1 0 1 0 1 0 1 0 1 0 1 0 1 0 1 0 1 0 1 0 1 0 1 0 1 0 1 0 1 0 1 0 1 0 1 0 1 0 1 0 1 0 1 0 1 0 1 0 1 0 0 0 0 0 0 0 1 0 1 0 1 0 1 0 1 0 1 0 1 0 0 0 1 0 1 0 1 0 0 0 1 0 0 0 0 0 0 0 1 0 1 0 1 0 0 0 1 0 0 0 0 0 0 0 1 0 0 0 0 0 0 0 0 0 0 0 0 0 0 0 0 1 0 1 0 0 1 0 0 0 1 0 1 0 0 0 1 0 1 0 1 0 1 0 1 0 1 0 1 0 1 0 1 0 1 0 1 0 1 0 1 0 1 0 1 0 1 0 0 1 0 0 1 0 0 0 1 0 1 0 0 1 0 0 1 0 1 0 1 0 1 0 1 0 1 0 1 0 0 0 1 0 1 0 1 0 0 0 1 0 0 0 0 0 0 0 0 1 0 0 1 0 0 0 1 0 0 1 0 1 0 0 0 1 0 0 1 0 1 0 0 0 1 0 1 0 0 0 1 0 1 0 0 0 1 0 0 0 0 0 1 0 0 0 0 0 0 0 0 0 0 0 0 0 0 0 0 0 0 0 1 0 1 0 1 0 1 0 1 0 1 0 1 0 0 0 1 0 1 0 1 0 0 0 0 0 0 0 0 0 0 0 1 0 1 0 1 0 0 0 1 0 0 0 0 0 0 0 0 0 0 0 0 0 0 0 0 0 0 0 0 0 0 0 0 0 0 0 0 0 0 0 0 0 0 0 0 0 0 0 0 0 0 0 0 0 0 0 0 0 0 0 0 0 0 
0 0 0 0 0 0 0 0 0 0 0 0 0 0 0 0 0 0 1 0 0 0 0 0 0 0 0 1 0 0 0 0 1 0 0 0 0 0 0 0 0 0 0 0 0 0 1 0 1 0 1 0 0 1 0 0 0 0 0 1 0 0 1 0 0 0 0 0 0 1 0 0 0 0 1 0 0 0 0 0 0 0 0 0 1 0 1 0 0 1 0 1 0 0 1 0 0 1 0 0 0 1 0 0 1 0 0 0 1 0 1 0 0 1 0 0 1 0 1 0 1 0 1 0 1 0 0 0 0 1 0 0 0 1 0 1 0 0 0 0 0 0 0 0 0 0 1 0 0 0 0 0 0 0 1 0 1 0 1 0 0 0 0 0 1 0 1 0 1 0 1 0 1 0 1 0 0 0 1 0 1 0 1 0 1 0 1 0 1 0 1 0 0 0 0 1 0 0 1 0 0 0 1 0 1 0 1 0 1 0 1 0 1 0 1 0 1 0 1 0 1 0 1 0 1 0 1 0 1 0 1 0 1 0 1 0 1 0 1 0 1 0 1 0 1 0 1 0 1 0 1 0 1 0 1 0 0 1 0 0 1 0 1 0 1 0 1 0 1 0 1 0 1 0 1 0 1 0 1 0 1 0 1 0 1 0 1 0 1 0 1 0 1 0 1 0 1 0 1 0 1 0 1 0 1 0 1 0 1 0 1 0 1 0 1 0 1 0 1 0 1 0 1 0 1 0 1 0 1 0 1 0 1 0 1 0 1 0 1 0 1 0 1 0 1 0 1 0 1 0 0 0 1 0 1 0 1 0 1 0 1 0 1 0 1 0 1 0 1 0 1 0 1 0 0 0 1 0 0 0 0 0 0 0 0 0 1 0 0 1 0 0 1 0 1 0 1 0 1 0 1 0 1 0 1 0 1 0 0 1 0 0 1 0 0 0 1 0 1 0 1 0 1 0 1 0 1 0 1 0 0 0 0 1 0 0 1 0 0 1 0 0 1 0 0 1 0 0 1 0 0 1 0 0 1 0 0 0 0 0 0 0 0 0 1 0 1 0 1 0 1 0 1 0 1 0 0 0 0 0 1 0 1 0 1 0 0 0 0 0 0 0 0 0 0 0 0 0 0 0 0 0 0 0 0 0 0 0 0 0 0 
0 0 0 0 0 0 0 0 0 0 0 1 0 1 0 0 1 0 0 0 0 0 0 1 0 0 0 0 0 0 1 0 0 1 0 0 1 0 0 0 0 0 1 0 0 0 1 0 0 1 0 1 0 0 1 0 0 0 1 0 1 0 1 0 0 1 0 0 0 1 0 0 0 1 0 0 1 0 1 0 0 0 1 0 1 0 1 0 1 0 1 0 1 0 1 0 0 0 1 0 1 0 1 0 1 0 1 0 1 0 1 0 1 0 1 0 1 0 1 0 1 0 1 0 1 0 1 0 0 0 1 0 1 0 1 0 1 0 1 0 1 0 1 0 1 0 1 0 1 0 1 0 1 0 1 0 1 0 1 0 1 0 1 0 1 0 1 0 1 0 1 0 1 0 1 0 1 0 1 0 1 0 1 0 1 0 1 0 1 0 0 0 0 1 0 0 1 0 1 0 1 0 1 0 0 1 0 0 1 0 1 0 1 0 1 0 0 1 0 0 0 1 0 0 1 0 0 1 0 1 0 0 1 0 1 0 1 0 0 0 1 0 1 0 0 0 0 0 0 0 0 0 0 0 0 
0 0 0 0 0 0 0 1 0 0 0 0 0 0 1 0 0 1 0 0 1 0 0 1 0 0 1 0 0 1 0 1 0 0 0 0 0 0 1 0 1 0 1 0 1 0 1 0 1 0 1 0 1 0 1 0 1 0 1 0 1 0 1 0 1 0 1 0 1 0 1 0 1 0 1 0 1 0 1 0 1 0 1 0 1 0 1 0 1 0 1 0 1 0 1 0 0 0 1 0 1 0 0 0 1 0 1 0 0 1 0 0 1 0 0 0 1 0 1 0 1 0 0 0 0 0 0 
0 1 0 0 0 0 1 0 0 1 0 0 0 1 0 0 0 0 1 0 1 0 1 0 1 0 1 0 1 0 1 0 1 0 1 0 1 0 1 0 1 0 1 0 1 0 1 0 0 1 0 0 1 0 0 1 0 0 1 0 1 0 0 
0 0 1 0 0 1 0 0 1 0 1 0 1 0 1 0 1 0 1 0 1 0 1 0 0 1 0 1 0 1 0 
0 1 0 0 1 0 1 0 1 0 1 0 0 1 0 
0 0 1 0 1 0 0 
0 1 0 
0 
2015  0.0000000000000000e+00
2039  0.0000000000000000e+00
1967  1.0696661165546916e-39
1855  1.0008665235804394e-37
1983  9.0946697612555898e-37
1527  6.4252791173984586e-33
2014  1.0971345620464470e-31
2031  3.7555912075335954e-31
2047  5.4108754869344003e-31
1535  1.5187122025702840e-30
1999  7.1413344951056977e-30
2035  1.1287463055691659e-28
2027  3.2879870993721103e-28
2011  6.1540864019308813e-28
2043  6.3644520889939821e-28
1966  1.1752611114314322e-27
1979  3.4290526411958436e-26
1982  6.2544530634654454e-26
1951  1.1235347671013516e-25
1911  2.2929729935006310e-25
2013  3.1729106187705087e-25
2038  1.0602448796855740e-24
1963  2.0686377244491295e-24
1854  1.2297602253730029e-23
1965  5.8501575492528875e-23
2045  6.3277027865180634e-23
1981  2.2084785893149218e-22
2037  3.7614225030130881e-22
2046  5.0621601774646795e-22
1853  1.6439773704046818e-21
1919  2.3874352712879721e-21
1851  2.4296316771068969e-21
1815  3.8691585994860942e-21
1827  1.1226687927692006e-20
2030  2.1328896068179949e-19
2023  2.3349473886590684e-19
1843  2.4897882773368184e-19
1727  2.7698512168479061e-19
1519  3.3816834331675094e-19
1534  4.4312346121079675e-19
1533  4.5130955621507517e-19
1980  4.8291181980631093e-19
2044  5.0417098047234907e-19
2029  6.1658675107446551e-19
2042  6.8355857932629668e-19
1503  7.8558944858919391e-19
2007  8.4038269756966987e-19
2036  8.9410439212151230e-19
2041  9.0908985611626207e-19
2012  9.0921173923854113e-19
1526  9.3682717406946919e-19
1525  1.2689370876748733e-18
1723  1.9899893977848554e-18
1531  2.1255257291410922e-18
1975  2.6050327060490459e-18
1515  3.7639081311881213e-18
2033  5.1232162265223308e-18
2010  5.3192062051810616e-18
2034  5.7550736133616341e-18
1998  7.2722516373611393e-18
1523  8.7984085538010801e-18
1847  1.0357170125097761e-17
2026  1.1530798781241233e-17
2009  1.3666329870319537e-17
1499  1.4980983151729233e-17
2025  1.5391997089989061e-17
1959  1.5892812789398680e-17
2021  1.8153725201309332e-17
1997  2.4441928050914400e-17
1947  3.7718742607269322e-17
2005  4.6655739809036601e-17
2028  5.5650834295775488e-17
1991  5.8153760369113176e-17
2022  6.2210575187138168e-17
2040  6.2977552944158666e-17
2019  1.1914267589866703e-16
1978  2.2239197131143066e-16
1973  2.3379284409797402e-16
2006  2.4009035221512325e-16
1469  3.1965386046099865e-16
2003  4.0102978697339750e-16
1471  5.6753734574824417e-16
1950  6.0358169481910426e-16
1995  8.3067577039986363e-16
1974  9.3104856819441520e-16
1964  1.3610846410158862e-15
1977  1.4598437654804265e-15
1971  1.5957071983611286e-15
1949  1.6300127371784482e-15
1962  2.0514144925168867e-15
1961  2.0522017908764022e-15
1918  2.4053434158080696e-15
1915  2.4924027408872787e-15
1935  2.5217989963284219e-15
1835  2.5767996849507305e-15
1941  2.6773366027388612e-15
1943  2.6869168463810364e-15
1403  2.7216750456444049e-15
1957  3.1513080866119235e-15
1407  5.9394414346245683e-15
1852  6.3634101283811759e-15
1945  8.2161948376103500e-15
1958  8.4447594136879181e-15
1831  1.0290654733052360e-14
1903  1.0484274642031741e-14
1955  1.3956505494467159e-14
1910  1.6089343243326357e-14
1933  1.7087938596330842e-14
1946  1.7253800737039928e-14
1909  3.1492415464836510e-14
1887  3.8385457855970588e-14
1907  4.4804601594686656e-14
1846  5.2442802594471747e-14
1839  5.6254803834725228e-14
1841  6.9607074140624039e-14
1901  7.2582790181779737e-14
1842  8.4405941841223456e-14
1845  1.2207970140989972e-13
1885  2.9553088860930212e-13
1814  3.6714579733824058e-13
1277  3.8073749138164682e-13
1813  4.3408096641265866e-13
1917  6.0754966468561401e-13
1849  1.0317087747761456e-12
1809  1.2474632028642478e-12
1811  1.2968345371019925e-12
1850  1.3095215605917720e-12
1803  1.4872352282523497e-12
1826  1.9786912209105461e-12
1825  2.0062093154510716e-12
1791  2.8587155433534899e-12
1821  4.1167853143614048e-12
1779  4.8111598971942104e-12
1518  5.8953315195880991e-12
1517  5.9153464768575070e-12
1719  7.4509026414536087e-12
1502  8.5603341397549187e-12
1711  1.0684693889337977e-11
1279  1.0972570236385894e-11
1511  1.1786445758087963e-11
1532  1.3330053339298499e-11
1726  1.5449082892126012e-11
1767  1.6227458474081586e-11
1524  1.6988698876538391e-11
1522  1.7006728377989208e-11
1521  1.7031126698656231e-11
1530  1.8374417582912469e-11
1529  1.9141757716102028e-11
1722  2.0489513161701100e-11
1721  2.0516530405841269e-11
1501  2.2992020319637988e-11
1976  2.3741786009587147e-11
1495  2.4536828131209803e-11
1509  3.2145640427124122e-11
1514  3.3929655885225460e-11
1513  3.3961552758636752e-11
1487  3.5972190724260827e-11
1717  4.0929309037859685e-11
1470  4.4359805580906041e-11
1695  4.8936102473038058e-11
1725  5.7703538822512566e-11
1498  6.9055105253905044e-11
1493  6.9132281131540720e-11
1497  6.9207495358617118e-11
1023  7.0151554448166705e-11
1709  8.3333291682477906e-11
1463  9.4600719063987936e-11
2032  9.6630029869935036e-11
2024  9.6844196378800696e-11
2020  9.7168652877082257e-11
2018  9.7650862599619905e-11
2017  9.8614617973474127e-11
1467  1.3001747738847523e-10
1455  1.5694554865335662e-10
2008  1.9021684594762819e-10
2004  1.9047097509389368e-10
2002  1.9097082959289672e-10
2001  1.9196722907244645e-10
1485  2.3171994111093972e-10
1406  2.3209231714131629e-10
1021  2.3803983231749269e-10
1663  2.4123973653969413e-10
1468  2.5657028053406651e-10
1465  2.5721991548392108e-10
1848  2.6401380735882550e-10
1461  2.7564436250138303e-10
1693  2.9871226100950516e-10
1972  3.7869628931167702e-10
1970  3.8032394253274691e-10
1996  3.8042252473918597e-10
1994  3.8097184428122107e-10
1993  3.8202930967074045e-10
1969  3.8344314721695439e-10
1439  4.0736634160160219e-10
1453  5.2957554081290630e-10
1948  7.1944319877218928e-10
1990  7.6078418956296614e-10
1989  7.6202436922191343e-10
1399  8.5225566110346970e-10
1375  9.9684682726031109e-10
1402  1.2753244393997483e-09
1934  1.4582005448817355e-09
1916  1.5127149391397914e-09
1987  1.5213506197202889e-09
1931  1.6241214069968991e-09
1391  1.6801930392732222e-09
1960  1.8847034769595935e-09
1942  1.8962767787288936e-09
1939  1.9128064233450513e-09
1956  1.9601009463195552e-09
1954  1.9687819199172627e-09
1953  1.9849142238132097e-09
1437  2.0409582152380183e-09
1397  2.1285153223408374e-09
1944  2.1390228797639383e-09
1401  2.2666321455408400e-09
1940  2.6126373478001402e-09
1405  2.7970227338074275e-09
1927  2.9199756055529221e-09
1938  2.9718434021395852e-09
1902  3.1768026100722835e-09
1932  3.4738720435280445e-09
1930  3.4852729851176634e-09
1914  3.5276872552690133e-09
1913  3.5403938918201185e-09
1899  3.8204035850365923e-09
1390  4.8812259831568649e-09
1908  4.9137385697356464e-09
1906  5.1728143327772135e-09
1905  5.2963292739519922e-09
1838  6.3803855296962922e-09
1895  6.3889907883577618e-09
1837  6.5457149114640397e-09
1886  6.8831076353974240e-09
1926  6.9424724730436259e-09
1900  8.1212390486635140e-09
1898  8.1628893992827529e-09
1883  9.4701246636301620e-09
1631  1.1366854267962094e-08
1840  1.1883678342223501e-08
1834  1.1968559671958201e-08
1833  1.2141908159946875e-08
1278  1.3063965618570565e-08
1879  1.4530330166703002e-08
1275  1.4811348727413493e-08
1894  1.6249485987820965e-08
1374  1.9173402192633101e-08
1271  1.9775632026854977e-08
1884  2.0384289677820840e-08
1824  2.0394627910420173e-08
1630  2.0411083224551515e-08
1882  2.0536293250101946e-08
1820  2.0683731592392555e-08
1818  2.1206282890696558e-08
1830  2.3763714811649640e-08
1829  2.3949231140455386e-08
1724  2.5480354342664344e-08
1247  2.7758895927339599e-08
1276  2.8615803873893579e-08
1274  2.8800727724522188e-08
1871  3.2895615217924529e-08
1343  3.7991535963470901e-08
1808  3.9930084586319509e-08
1806  4.0348059701120968e-08
1878  4.0681780469137274e-08
1812  4.2088868358999818e-08
1810  4.2510372376044851e-08
1807  4.4858423759980687e-08
1823  4.8289597922422577e-08
1263  4.9579815965045259e-08
1270  5.8100679973134136e-08
1844  7.2798767250283073e-08
1799  7.9876254181393285e-08
1802  8.2684978655988903e-08
1801  8.3452912003645800e-08
1870  8.9917729488510789e-08
1790  9.7030173936540965e-08
1789  1.0177393432020799e-07
1262  1.2863331589545675e-07
1798  1.4950127302517183e-07
1778  1.5469928101940295e-07
1777  1.6583486739601704e-07
1528  1.7125792508283424e-07
1342  1.7423810926701710e-07
1787  1.9661954589841461e-07
1718  2.0908984636705850e-07
1715  2.1170096295999299e-07
1516  2.2980441077587952e-07
1510  2.3246046013321468e-07
1507  2.3807668026537844e-07
1710  2.5509217377322020e-07
1752  2.7861011050361583e-07
1500  2.8581664565550843e-07
1774  2.9695959684436913e-07
1766  3.2829228834005866e-07
1765  3.6942541970612970e-07
1720  3.8919597272721894e-07
1716  3.9239347924680110e-07
1714  3.9726842049573037e-07
1786  4.1010766098617764e-07
1707  4.2465516145821223e-07
1520  4.4167929868217769e-07
1512  4.4498038504933546e-07
1508  4.5113189790756863e-07
1506  4.6095234417881870e-07
1494  4.6795296174501249e-07
1491  4.8159555339645169e-07
1703  5.1309978501029184e-07
1246  5.2114637281089074e-07
1486  5.7553981449926202e-07
1662  5.9711032676634072e-07
1404  6.5652586573360666e-07
1764  6.8656250985611756e-07
1694  6.9349864688578361e-07
1019  7.6317323863908548e-07
1708  7.6494994075970552e-07
1706  7.7793917282734462e-07
1761  8.0614867019957869e-07
1496  8.7097399934430007e-07
1483  8.8078329041184367e-07
1492  8.8605939407830360e-07
1490  9.0572075411423401e-07
1466  9.0810718505996374e-07
1691  9.2679035144817784e-07
1462  1.0199963174860678e-06
1022  1.0254941247059495e-06
1015  1.0667839068781110e-06
1459  1.0767443404854885e-06
1702  1.0769763152922575e-06
1479  1.1580324401384807e-06
 521  1.1657915413810692e-06
1215  1.2011385567568154e-06
1687  1.3217824628780770e-06
1020  1.3284775696314600e-06
1018  1.3716203763007695e-06
1454  1.4503644515877568e-06
1692  1.5426086740850107e-06
1484  1.5873737256683462e-06
1690  1.5987105716651737e-06
1482  1.6221225759979379e-06
1451  1.6542308397087590e-06
1464  1.7975053854274254e-06
1460  1.8487383111614046e-06
1458  1.9200340885728867e-06
1014  1.9493397518314793e-06
1478  2.1575641298807733e-06
1007  2.1619307047313808e-06
1686  2.5855915887371514e-06
1679  2.6063535693672097e-06
2016  2.7764308658111766e-06
2000  2.8234259038728996e-06
1992  2.9105637014777470e-06
1452  2.9154844405363491e-06
1447  2.9236660648841535e-06
1450  3.0222934385257008e-06
1661  3.0272601895056762e-06
1988  3.0709895345468672e-06
1438  3.0920924378155441e-06
1749  3.2440116308813486e-06
 991  3.2463200843209630e-06
1986  3.3909463846502669e-06
1214  3.5887033509509030e-06
1655  3.9493018439104355e-06
1985  4.0287968796592276e-06
1435  4.1142069494546738e-06
1398  4.4146526297808994e-06
1395  4.6676845701260478e-06
1006  4.9480985148272086e-06
1968  4.9969186686990799e-06
1446  5.2085018812430567e-06
1678  5.5726851758421482e-06
1937  5.7249969484927569e-06
1929  5.9536334688346238e-06
1389  5.9780764380128612e-06
1660  6.0050743961042920e-06
1925  6.2963970296564604e-06
1436  6.6508287671760039e-06
1387  6.8711769695951484e-06
1434  6.9566720385794546e-06
1423  7.2314436321040366e-06
1400  7.3818387981756337e-06
1431  7.4594119588766923e-06
1396  7.6447083886536039e-06
1923  7.6657476367621684e-06
1394  8.0554329464943393e-06
1912  1.0071825804818129e-05
1952  1.1369958917086588e-05
1897  1.1447132104684035e-05
1388  1.1774842839490938e-05
1936  1.1909748401185578e-05
1893  1.1967810265448846e-05
1386  1.2067693913394791e-05
1928  1.2418531315610488e-05
1383  1.2542503109765079e-05
1430  1.2552804129876203e-05
1924  1.3151203271917326e-05
1922  1.4247021118650515e-05
1373  1.4354961953951865e-05
1891  1.4358146695242801e-05
1629  1.4464560792681797e-05
1371  1.6764777263252602e-05
1627  1.7080825591351271e-05
1881  2.0021285288438994e-05
1654  2.0094506523493855e-05
 990  2.0101388429246910e-05
1877  2.1149556792548228e-05
1382  2.2591816202409585e-05
1904  2.2714675532933425e-05
1896  2.3602135382475150e-05
1273  2.3732346008932409e-05
1892  2.4760362466686667e-05
1269  2.4868010509138308e-05
1890  2.6438033268700301e-05
1875  2.6545525854557802e-05
1359  2.6642973821128117e-05
1151  2.7477578112597173e-05
1372  2.8264768795171647e-05
1628  2.8381392141488228e-05
1370  2.9129833671714122e-05
1626  2.9292203113789016e-05
1367  2.9613257422693993e-05
1623  2.9973941258041831e-05
1422  3.0221359126935706e-05
1267  3.0968981218819994e-05
1869  3.2994686585716479e-05
1615  3.5419914300936326e-05
1836  3.6344110317946492e-05
1832  3.6855019507267619e-05
1828  3.7877710731978753e-05
1867  4.1567662251278139e-05
1880  4.4002765188392605e-05
1876  4.5852022050331464e-05
1261  4.6415555178808798e-05
1272  4.6860678998566386e-05
1150  4.7226971831613032e-05
1874  4.8690362523038881e-05
1268  4.8980594450646763e-05
1622  5.1908456618700491e-05
1266  5.2444206236466477e-05
 959  5.2522834019400644e-05
1366  5.2560526185646471e-05
1341  5.3773291436826022e-05
1259  5.3850399220639885e-05
1804  5.6729881493287447e-05
1816  5.7076123306055267e-05
1797  5.7159611155460244e-05
1868  6.1152883985329286e-05
1339  6.2816727032794417e-05
1795  6.3314770944254302e-05
1866  6.5159054402161938e-05
1822  6.6488418434272452e-05
1819  6.7759895593704327e-05
1805  7.0345098335504634e-05
1800  7.2540769246866597e-05
1255  7.3681425276499158e-05
1863  7.3753141009439731e-05
1796  7.6441563697035253e-05
1794  8.4261625255504339e-05
1335  8.9708890969072137e-05
1260  9.1240641450736725e-05
1785  9.2404379852339976e-05
1258  9.5221970999148655e-05
1776  1.0348495107117420e-04
1340  1.0561314962402101e-04
1245  1.0569133361461883e-04
1338  1.1020055219892586e-04
1862  1.1372612992272396e-04
1788  1.1513613254643500e-04
1772  1.1663337326260640e-04
1358  1.1752001076266378e-04
1327  1.2175697690455877e-04
1614  1.2256188206038367e-04
 958  1.2449277860307047e-04
1243  1.2571609117808670e-04
1783  1.2993394221965567e-04
1599  1.3383761242993818e-04
1770  1.3428309114466507e-04
1254  1.3939414598054562e-04
1713  1.4570745188274375e-04
1705  1.5287392372990459e-04
1701  1.6328753795391066e-04
1784  1.6717853746268355e-04
1334  1.7244546167026532e-04
1239  1.8477840723944524e-04
1782  1.8998121147635797e-04
1699  1.9996835728247928e-04
1763  2.0436656785625818e-04
1244  2.0714939334242770e-04
1505  2.0800605467319574e-04
1762  2.1470545363984689e-04
1489  2.1666162303891857e-04
1242  2.1836543099071302e-04
1481  2.3154332990216051e-04
1760  2.3339083781385021e-04
1017  2.3780125062836360e-04
1750  2.4946006865949114e-04
1689  2.5221961288649300e-04
1477  2.5267757284437239e-04
1013  2.5303614807314147e-04
1759  2.5341904502554347e-04
1757  2.6066610516835211e-04
1775  2.6205763602200492e-04
1231  2.6666213392017462e-04
 520  2.7843731607857014e-04
1685  2.7966814830677924e-04
1712  2.8034051442117213e-04
1704  2.9223347447539298e-04
1700  3.0865178076691147e-04
 517  3.0882703593244573e-04
1011  3.1529167225348198e-04
1475  3.2395152744521983e-04
1213  3.3090351930592141e-04
1238  3.3436275235619681e-04
1698  3.3920668874571079e-04
1598  3.5408921755566671e-04
1683  3.7528399736497052e-04
1457  3.8069683986030942e-04
1326  3.8386685433161241e-04
1005  3.9795749474519246e-04
1747  4.0425247648761799e-04
1449  4.0609494847998798e-04
1504  4.1055071850015372e-04
1756  4.1163336548093556e-04
1488  4.2540358958194910e-04
1211  4.3574564484413791e-04
1677  4.3876695307997019e-04
 516  4.4644148338104895e-04
1480  4.5055763253122377e-04
1445  4.5177120910008014e-04
1016  4.6515159399080806e-04
1476  4.8746916071127462e-04
1012  4.9113649916585653e-04
1688  5.0094748709467749e-04
1748  5.1777828546993826e-04
 895  5.2180491620086328e-04
1003  5.2880290137597731e-04
1684  5.4539514451973218e-04
1010  5.4683088586204734e-04
1743  5.6063666406882639e-04
1474  5.6893332537871798e-04
1443  5.7961203389875324e-04
1311  5.8366305692802794e-04
1675  5.8974263033543519e-04
1746  6.0487877207995866e-04
1682  6.2244006829077227e-04
1433  6.2947071363315575e-04
1212  6.3688451812951693e-04
1659  6.6362171502791099e-04
1207  6.8277803894848939e-04
1210  7.2782330537953172e-04
1429  7.2872948347035653e-04
1658  7.2930520454444559e-04
1230  7.3534771143310103e-04
1456  7.4422950894077299e-04
1004  7.6188959865792843e-04
1448  7.8706510176801468e-04
1393  7.9580072816304000e-04
1676  8.0797167329661333e-04
 894  8.1224502552721702e-04
 999  8.2264272766859048e-04
1657  8.3538420093728894e-04
1444  8.6442233337766889e-04
1002  8.8766997028974460e-04
1671  8.8878101693297287e-04
1385  9.0998480881299007e-04
1739  9.1698413114975168e-04
 989  9.3358598152377839e-04
1653  9.4323306929651213e-04
1674  9.5161647802686101e-04
1427  9.6613666268939395e-04
1442  1.0171046185266537e-03
1381  1.1201210669518685e-03
 508  1.1565097307323145e-03
1432  1.2055245068472848e-03
1206  1.2186301704725042e-03
1310  1.2303267516280321e-03
1421  1.2547979454828175e-03
 987  1.3575414549673161e-03
1428  1.3739517548929153e-03
1199  1.3803784408321139e-03
1651  1.4199296704445171e-03
1625  1.4696030098410239e-03
 998  1.5014054306878922e-03
1369  1.5129017096890411e-03
1392  1.5330127442810223e-03
1379  1.5672849472791136e-03
1670  1.6049680099813545e-03
1149  1.6626475445096504e-03
1652  1.6782880034536291e-03
1426  1.6904335376480041e-03
1921  1.7283713164986394e-03
1384  1.7350313912035532e-03
 988  1.7363258924053440e-03
1419  1.7806896524477588e-03
1621  1.9193533952216123e-03
1365  1.9369882891824689e-03
1738  1.9736854505167417e-03
1889  2.0316392414212038e-03
1380  2.0914382430606412e-03
 983  2.1765750145967969e-03
1650  2.1982134749393037e-03
 986  2.2389772552915159e-03
1984  2.2400166057441103e-03
1647  2.2430064742836901e-03
1420  2.3179898882673901e-03
1817  2.3859280732330124e-03
1147  2.4436143857185714e-03
1873  2.4859471121548237e-03
1265  2.6465394934101182e-03
1378  2.6556156143054694e-03
1415  2.7194491825447611e-03
1624  2.7350785654052905e-03
1363  2.7672113437750990e-03
1368  2.8398889083090279e-03
1619  2.8405646547385532e-03
 495  2.8670595928810779e-03
1418  2.9906852102440690e-03
1198  3.0082870053814059e-03
1148  3.0242786753258552e-03
1865  3.1534558772284725e-03
1257  3.2739144503756180e-03
1920  3.3594034261218357e-03
1357  3.3607257206673632e-03
1567  3.4168676110600039e-03
1613  3.4438025544829536e-03
 957  3.4554660301206949e-03
1620  3.4792005686240662e-03
1337  3.5134871306039639e-03
1364  3.5469641346153919e-03
1888  3.8756250100947477e-03
 982  3.9069930433835833e-03
 767  3.9157198366602825e-03
1146  4.0322520012466018e-03
1143  4.1345658935077771e-03
1253  4.2682396002331020e-03
1861  4.3770543989042768e-03
1872  4.5784418668493917e-03
1618  4.6506896583013331e-03
1362  4.6815363401713442e-03
1643  4.6869183013653597e-03
1333  4.9088057404120099e-03
1264  4.9551881634389621e-03
1355  5.0051718398504523e-03
1414  5.0702748858466023e-03
1611  5.2177607345043958e-03
 955  5.2649290669936994e-03
 494  5.2948222643667362e-03
 975  5.3118247418128444e-03
1793  5.4838044658488969e-03
1864  5.5096218108666032e-03
1241  5.8814849427386252e-03
1356  5.9593824603339065e-03
1256  5.9830080962099625e-03
1612  6.0542007981055270e-03
1251  6.0814290411445142e-03
 956  6.1210121649487173e-03
1336  6.3500187884187823e-03
1183  6.3521594052829734e-03
1859  6.6507978001672866e-03
 766  6.8328044288630940e-03
1860  7.2007788583768589e-03
1781  7.2362970556840416e-03
1792  7.2612480921003851e-03
1331  7.2698829041035282e-03
1142  7.3873229744066404e-03
1252  7.6045249926170932e-03
1354  8.3305508915316288e-03
1237  8.4197040653115635e-03
1351  8.4342473037022411e-03
1642  8.4561987503714107e-03
1610  8.5366913635158831e-03
1332  8.5903395248012240e-03
 954  8.6602458394713054e-03
1768  8.6958029222743097e-03
1597  8.7278092289997007e-03
1780  8.9947820290921746e-03
1607  9.0695119595928710e-03
1325  9.1984081170409359e-03
 951  9.4689143994380939e-03
 974  1.0044400595952374e-02
1858  1.0108262362138720e-02
1697  1.0384590723267259e-02
1250  1.0434173351227653e-02
1240  1.0442690767002315e-02
1182  1.0721708651188291e-02
1135  1.1014447651831020e-02
1758  1.1070861595942194e-02
1773  1.1784341435029462e-02
1330  1.2133430007149750e-02
1009  1.2640645452042560e-02
1235  1.2682598995772044e-02
 515  1.2726567975515215e-02
1755  1.3125879538045459e-02
1595  1.3722532148252187e-02
1323  1.4244289305662060e-02
1681  1.4358620153692466e-02
1236  1.4545129358934077e-02
1745  1.4579997187114275e-02
1596  1.4773656922862232e-02
1350  1.5103337303224103e-02
1209  1.5461672514218329e-02
1324  1.5685550341804560e-02
1606  1.5779367859614583e-02
1229  1.6131400867339409e-02
1754  1.6551155823587606e-02
1473  1.6583352859239436e-02
 950  1.6607190580095660e-02
1771  1.7027439985563515e-02
 514  1.7439332305733198e-02
 893  1.7536983058020969e-02
1001  1.8396637576651519e-02
1696  1.8433036886108988e-02
1134  1.9545569182415474e-02
1673  2.0205206543175883e-02
1234  2.1169630237835392e-02
1742  2.1983745680056278e-02
1441  2.1987642730973516e-02
1008  2.2172911733371044e-02
1753  2.2266313939079886e-02
1594  2.2339986167761047e-02
1744  2.3357920122181828e-02
1322  2.3551422032488188e-02
1205  2.4041198271429094e-02
1309  2.4208743986771714e-02
1680  2.4522947345760885e-02
1227  2.4980082553455945e-02
 513  2.5181759384455434e-02
 943  2.5363595626398425e-02
1591  2.5637073663716405e-02
1656  2.6028753386619412e-02
1319  2.6215334777115150e-02
1208  2.6239461042760013e-02
1228  2.6814237233844903e-02
 891  2.7460355449161932e-02
 997  2.8005605339812004e-02
 892  2.8963987716637260e-02
1472  3.0100922104992611e-02
1669  3.0236491565033687e-02
1425  3.0647882712278324e-02
1000  3.1297760177170987e-02
1741  3.1556096854229575e-02
 506  3.1685129447901909e-02
1672  3.3631969154923592e-02
 985  3.6545482241615412e-02
1737  3.6620090968379294e-02
1203  3.6630428873789936e-02
1307  3.7861893592891896e-02
1649  3.7972136980853957e-02
1440  3.8675556505236762e-02
1119  3.8802128518461723e-02
1204  3.9420446250741648e-02
1308  3.9461624721640345e-02
1377  4.0655034566173594e-02
1226  4.0844439331479875e-02
 995  4.1852377529251500e-02
 942  4.2600361931553067e-02
1590  4.2652595038031461e-02
1318  4.4247854468387228e-02
 463  4.4341788424602291e-02
1667  4.4583948695183957e-02
 890  4.4611599531273992e-02
1417  4.5309291847393199e-02
1223  4.5902010191977378e-02
 996  4.5977454204704331e-02
 505  4.6943593896908671e-02
1197  4.7765097592471918e-02
1668  4.8545854136419674e-02
1424  5.2149377384436507e-02
 887  5.2265469920239234e-02
1145  5.6279986862047902e-02
1735  5.6439864662022804e-02
1736  5.6606506986868872e-02
 981  5.7450159704152549e-02
1646  5.8161844008184214e-02
1648  5.9096375261432410e-02
1202  5.9265618594197801e-02
 984  5.9279268465005142e-02
1361  6.0583019808707735e-02
1583  6.0712514185778194e-02
1306  6.0778122555356674e-02
1617  6.0824871399146670e-02
1118  6.2060025702583191e-02
1413  6.7479141284835106e-02
1376  6.7717760807180657e-02
 994  6.7837453632330957e-02
1303  7.0590417603527661e-02
1666  7.0776155508881319e-02
 493  7.2538992168704297e-02
1195  7.3817582817847102e-02
1416  7.3892015299851080e-02
1566  7.4180649702830531e-02
1222  7.5001272058700483e-02
1196  7.5409969347354430e-02
 927  7.5615876776669685e-02
 501  8.1085850696541562e-02
1645  8.3768995523349571e-02
 886  8.4401570181372704e-02
 765  8.4840143718811989e-02
 979  8.6887845067454839e-02
1144  8.8945582753199290e-02
1141  8.9012932453754537e-02
 980  9.0287109950923983e-02
1353  9.2041475050147481e-02
1733  9.3966461705244753e-02
1609  9.4853862933032343e-02
1582  9.5067591760878770e-02
 953  9.5575139100244025e-02
1616  9.5618189963268638e-02
1360  9.7296374289687293e-02
1411  9.8705756229590561e-02
1641  9.9919635818904007e-02
1249  1.0470778859281028e-01
1412  1.0631671641076479e-01
1565  1.0857968251085122e-01
 973  1.0927482748793745e-01
 491  1.1073586253070651e-01
 492  1.1093830090088233e-01
1302  1.1131653766033141e-01
1194  1.1447769319727208e-01
1181  1.1451993000930398e-01
1329  1.1539985651083672e-01
1087  1.1572681360458707e-01
 879  1.1715936785367770e-01
 926  1.1762138105084149e-01
1857  1.2449077144443217e-01
 763  1.2908315961333999e-01
 764  1.3003024035533384e-01
1191  1.3095886561313155e-01
1139  1.3324256684099181e-01
 978  1.3393395236642286e-01
1140  1.3557573397766431e-01
1732  1.3723652140634057e-01
1349  1.3865797017129897e-01
1352  1.4200065481630594e-01
1608  1.4363621272278734e-01
1605  1.4462150876692006e-01
 952  1.4563622015032784e-01
 422  1.4616226786148731e-01
1640  1.4621026447359944e-01
1639  1.4673465804177291e-01
1295  1.4757636885170780e-01
1856  1.4887326073773505e-01
 949  1.4918072506890012e-01
1410  1.5255966727226516e-01
1248  1.6248261323793869e-01
 971  1.6308192443083391e-01
 972  1.6360399489792746e-01
1233  1.6426850500708753e-01
 490  1.6535332235900382e-01
1133  1.6584737821975645e-01
1180  1.7049813011881981e-01
1179  1.7102624815169176e-01
1563  1.7212687023926299e-01
1328  1.7492916218881435e-01
1593  1.7545184519472948e-01
 878  1.7660638264976142e-01
1086  1.7737890931298661e-01
1321  1.7892415063988309e-01
 487  1.8715539336944972e-01
 762  1.9266344049050357e-01
1190  1.9540949593188137e-01
1769  1.9553249868668188e-01
1138  1.9764155794298180e-01
1347  1.9886617609273771e-01
1348  2.0498733015377568e-01
1603  2.0757703732520158e-01
1604  2.0991661007264953e-01
1751  2.1428817947805423e-01
 947  2.1660615422905646e-01
 759  2.1688624394340414e-01
1294  2.1702077824748303e-01
 948  2.1746079203591873e-01
1637  2.2507317062828172e-01
 970  2.3673715309524226e-01
1132  2.3867012309543359e-01
 512  2.3914946545901208e-01
1131  2.4026639671510447e-01
1232  2.4053671335318152e-01
 863  2.4288526722181406e-01
1562  2.4465264773908540e-01
1178  2.4666632660616641e-01
1225  2.4804149943389270e-01
1592  2.5019401025770888e-01
1320  2.5773052636586635e-01
1589  2.6105201277358586e-01
 941  2.6106865873526253e-01
 967  2.6181302334665302e-01
 889  2.6301042684090897e-01
1317  2.6427448465999814e-01
 486  2.6647847142407383e-01
1740  2.6948863079303786e-01
1175  2.7433531407248329e-01
1346  2.8421417056188825e-01
1602  2.9119145008463720e-01
 946  3.0452707704846743e-01
1201  3.0472078144912768e-01
1636  3.0474328433357495e-01
 758  3.0719066238455905e-01
1305  3.1301217648841784e-01
 479  3.1502792839380789e-01
1117  3.2170579297632479e-01
 993  3.2514740768524480e-01
 462  3.2999129394598642e-01
1130  3.3265089912239215e-01
1665  3.3466055519074095e-01
 350  3.3491365636592091e-01
 504  3.3668632381472152e-01
 862  3.4116210151950188e-01
1224  3.4291098302682887e-01
1588  3.5342497306298021e-01
1221  3.5359116399167650e-01
1587  3.5574305419326313e-01
 940  3.5600976466779755e-01
 751  3.5904749738834846e-01
 939  3.5947444029662545e-01
1315  3.5956489154565696e-01
 966  3.5976835280416736e-01
 888  3.6006152102344685e-01
1316  3.6063065696503643e-01
1127  3.6213607178453511e-01
1734  3.6793258970232395e-01
1174  3.7409135302450791e-01
 885  3.7860203549079352e-01
1581  4.0440390573231655e-01
1200  4.0894716493727862e-01
1304  4.1683151968165683e-01
 478  4.1906484843708536e-01
1555  4.2241562324967152e-01
 461  4.2346078891705513e-01
 831  4.2591231979250821e-01
1167  4.2591590026846676e-01
1116  4.2597662361591648e-01
1115  4.3021440211496947e-01
 992  4.3378666097366209e-01
1301  4.3740233718933752e-01
1664  4.4016767368179305e-01
1193  4.4068148670122692e-01
 500  4.4384206984947017e-01
1644  4.4457353121175691e-01
 925  4.5056086507372090e-01
1220  4.6136294170027203e-01
1586  4.6146186940869949e-01
1219  4.6160880831800011e-01
 938  4.6853544587825924e-01
1314  4.6942097554679330e-01
1126  4.7276155166386002e-01
 750  4.7358241158534670e-01
 977  4.7447960030756009e-01
1731  4.8647813932459322e-01
 884  4.8794986119460193e-01
 883  4.9174593750428686e-01
 935  4.9683157788877719e-01
1409  5.0137227795070893e-01
1564  5.0502932201925210e-01
1580  5.1165484366147684e-01
1579  5.1669352656976231e-01
 460  5.2759563891213435e-01
 489  5.3263010137361688e-01
 735  5.3392974987380848e-01
1166  5.4208266352295187e-01
 498  5.4332390314713042e-01
1114  5.4346961332075250e-01
1300  5.4825962248054683e-01
 830  5.4978648412424747e-01
 877  5.5136739154989833e-01
1085  5.5177783770986166e-01
1192  5.5215086569223015e-01
1299  5.5217126076440048e-01
 924  5.6269320022526359e-01
 923  5.6741087100093601e-01
1111  5.6938342662593799e-01
 761  5.7246058264790711e-01
1218  5.7519612735396641e-01
1137  5.7824176964019591e-01
1189  5.7854028357161402e-01
 420  5.7859385785560746e-01
1638  5.7900495047597667e-01
1730  5.8593131033670887e-01
 976  5.8708318502392187e-01
 882  6.0462515334897859e-01
1293  6.0783683873279470e-01
 934  6.1098556197483855e-01
1408  6.1758004083812534e-01
1578  6.2531361913077177e-01
 969  6.3105440328849072e-01
 488  6.3887439850041761e-01
1561  6.4314190831135154e-01
1177  6.4419410828347790e-01
1575  6.4631640790919398e-01
 734  6.5461250968359241e-01
 876  6.5976185867615855e-01
1298  6.6119841652903832e-01
1084  6.6132937725706376e-01
 457  6.6405237614178503e-01
 875  6.6453344570656914e-01
1083  6.6514225092644841e-01
 485  6.6807572913427360e-01
 417  6.7312485973165970e-01
 922  6.7646407604693781e-01
 760  6.7963472671661451e-01
1110  6.8002168826581444e-01
1729  6.8031435953021380e-01
1345  6.8100089608873249e-01
 447  6.8104695530047465e-01
1188  6.8322758835878405e-01
1136  6.8375280705949348e-01
1187  6.8794236373197859e-01
1601  6.9137630972159547e-01
 919  6.9569162605594081e-01
 703  7.0143444358997520e-01
 945  7.0603860510925986e-01
1635  7.0758254260478437e-01
 757  7.0970083667260542e-01
1292  7.1025257440920109e-01
1103  7.1029892854687871e-01
1291  7.1471447367477692e-01
 968  7.3003913086130801e-01
1129  7.3457481674259539e-01
1560  7.3632394589958405e-01
1176  7.4105619862130612e-01
 861  7.4118224694252155e-01
1559  7.4150169575612546e-01
1574  7.4484065920743292e-01
 965  7.5848552528192215e-01
 484  7.5971319688934180e-01
 874  7.6168103243713758e-01
1082  7.6327098288430872e-01
 483  7.6484505853326590e-01
 411  7.6927691640761420e-01
1173  7.7115304600258716e-01
1344  7.7432088228030893e-01
 871  7.7603238808018193e-01
1079  7.7663992358401901e-01
1600  7.7911681248935372e-01
1186  7.7990200391329445e-01
 446  7.8148114503053723e-01
1634  7.8745867547352955e-01
 918  7.8964686011864338e-01
 944  7.9310491426371188e-01
 348  7.9656596552461512e-01
 756  7.9738257863013762e-01
 755  8.0109537349198034e-01
1290  8.0256880928705210e-01
 702  8.0320678795676592e-01
1102  8.0329634215692725e-01
 477  8.0527985189975249e-01
 911  8.0853073706112633e-01
1287  8.1421197535450907e-01
1128  8.1571384055951457e-01
1558  8.1996240038636414e-01
 860  8.2341897983311785e-01
 859  8.2621756490998843e-01
 639  8.2862028912669250e-01
 964  8.3507714417882684e-01
1585  8.3518108594772300e-01
 963  8.3888882477708415e-01
1313  8.3902670393282597e-01
 482  8.4002665490458028e-01
 937  8.4009434879965916e-01
 749  8.4170642527749651e-01
1125  8.4271744787539860e-01
1172  8.4475123366960658e-01
 410  8.4568114522401505e-01
1171  8.4890314819894430e-01
 870  8.5274017067442565e-01
1633  8.5291141486327315e-01
1078  8.5413957045935185e-01
1554  8.5850791700323525e-01
 346  8.5898131322079840e-01
1071  8.6584065414310996e-01
 754  8.7006722807948145e-01
 476  8.7012535274510261e-01
 475  8.7319209731321745e-01
 459  8.7501359931405853e-01
 910  8.7846075289922820e-01
1286  8.8065616835574800e-01
1165  8.8243512617326370e-01
1113  8.8388888548064859e-01
 829  8.8507484896578548e-01
 858  8.8914458106790872e-01
1584  8.9117162763202329e-01
 855  8.9487079296823624e-01
1312  8.9541504231057290e-01
 936  8.9591318749095528e-01
 962  8.9674712849905247e-01
1124  8.9814700255295654e-01
 748  8.9888971853661348e-01
1217  8.9896147226866607e-01
 638  8.9921953988446401e-01
 747  9.0085462647119152e-01
1123  9.0135310504410182e-01
1170  9.0376541503905283e-01
1553  9.0713792833000517e-01
1551  9.1024597609155256e-01
 342  9.1086590572974424e-01
 881  9.1345617632703247e-01
 404  9.1384857283799281e-01
 933  9.1610423139358155e-01
 458  9.1859536297445177e-01
 394  9.1873671748778429e-01
 496  9.1905298277285619e-01
1070  9.1926052734173302e-01
 474  9.2041145428863091e-01
1577  9.2250815580090850e-01
 471  9.2487481611808720e-01
1055  9.2597924611954563e-01
1164  9.2662436079743793e-01
1112  9.2697899614725587e-01
1163  9.2874951257186666e-01
 828  9.2951996589941877e-01
 827  9.3065982793637114e-01
 733  9.3250577468519491e-01
1297  9.3659347137888116e-01
1216  9.3729582932585442e-01
 854  9.3747402009171310e-01
1122  9.3979260438145662e-01
 746  9.4051889050123194e-01
 847  9.4159923851774829e-01
 921  9.4217232713689958e-01
1109  9.4315992914429192e-01
 743  9.4336423495170119e-01
1550  9.4641564404156409e-01
 880  9.4692489266911106e-01
 327  9.4824307542735531e-01
 932  9.4891075312672868e-01
 931  9.5076273739243888e-01
1576  9.5238099282761024e-01
 470  9.5561403091127251e-01
 351  9.5644868944841765e-01
1162  9.5800958368410793e-01
1054  9.5853533884301301e-01
 456  9.5866911923318654e-01
 826  9.5995312205672345e-01
 455  9.6009126434304237e-01
1159  9.6027146906571936e-01
 732  9.6052793654904867e-01
 416  9.6116807105858482e-01
 731  9.6127631826064908e-01
 823  9.6158823763464829e-01
1296  9.6190035943784769e-01
1728  9.6334893051164028e-01
1573  9.6360918239490345e-01
 920  9.6566585804381322e-01
1108  9.6648037926682440e-01
 846  9.6750301688134821e-01
1107  9.6773268329337192e-01
 742  9.6802471527981948e-01
 873  9.6838594694102442e-01
1081  9.6865177312617112e-01
1544  9.7101977803624884e-01
 930  9.7151635103482059e-01
 303  9.7207038425902315e-01
 445  9.7241762946026811e-01
1185  9.7303263878563029e-01
 917  9.7500705228891937e-01
 454  9.7699930397892121e-01
 701  9.7738951009714792e-01
1158  9.7774467045699809e-01
1101  9.7792775284744726e-01
1289  9.7813187717718575e-01
 730  9.7852698437588004e-01
1572  9.7891946715819622e-01
 822  9.7910055890288461e-01
 727  9.7939593091423083e-01
1571  9.7978944450015226e-01
 815  9.8013495236641368e-01
1557  9.8175223250914490e-01
1106  9.8184618152720626e-01
 872  9.8190098063430375e-01
1080  9.8213788215033437e-01
1184  9.8458336000351498e-01
 444  9.8465103692495093e-01
 443  9.8504627975663672e-01
 481  9.8554119614611002e-01
 916  9.8598556111549007e-01
 409  9.8606047065517277e-01
 915  9.8655344436376280e-01
 302  9.8728792735707438e-01
 869  9.8752188153061427e-01
 451  9.8753821777161266e-01
1288  9.8766985355424386e-01
1077  9.8767686495991536e-01
 700  9.8768642560124953e-01
1100  9.8776268800655631e-01
 699  9.8800269162840204e-01
 255  9.8805090344364843e-01
1099  9.8823247922041058e-01
1570  9.8875424557384894e-01
 726  9.8921686519192153e-01
1556  9.8963246103858682e-01
 719  9.8971880127279110e-01
 814  9.8983637906089394e-01
 799  9.9024398812013148e-01
 753  9.9030006541975357e-01
 909  9.9133447231414373e-01
1285  9.9172136476979389e-01
 480  9.9192379687112331e-01
 442  9.9204850242133757e-01
 408  9.9234168606477213e-01
 439  9.9242880758229657e-01
 407  9.9264661842606894e-01
1632  9.9270237440652664e-01
 914  9.9273848781920304e-01
 857  9.9283937034380088e-01
 868  9.9320938746682930e-01
 344  9.9324446474163786e-01
1076  9.9332914065285571e-01
 867  9.9351677595153587e-01
1075  9.9362502030042199e-01
1098  9.9371999870162631e-01
 698  9.9375212346617137e-01
 637  9.9382969880395500e-01
 961  9.9383045971143347e-01
1095  9.9406504593607969e-01
 695  9.9406870648800050e-01
1169  9.9464556598475473e-01
 752  9.9472876324411585e-01
 718  9.9489365818043007e-01
 254  9.9491681530763809e-01
 798  9.9516577340373724e-01
 908  9.9538046526504598e-01
1284  9.9554269192127043e-01
 907  9.9559406356433755e-01
1283  9.9575836310238874e-01
1069  9.9608951594251494e-01
 405  9.9613393636602432e-01
 856  9.9617039580678712e-01
 438  9.9620680865386346e-01
 473  9.9626876342759474e-01
 431  9.9639209574921839e-01
 866  9.9657106899342562e-01
1074  9.9665937236594948e-01
 960  9.9667396609871883e-01
 636  9.9680980880039727e-01
1094  9.9690855785625287e-01
 635  9.9697513048024355e-01
1552  9.9711706997994876e-01
 694  9.9711752372350870e-01
1168  9.9712039690684751e-01
 140  9.9727109344029075e-01
 687  9.9728410197854933e-01
 340  9.9733027355652926e-01
 402  9.9749092021760932e-01
 853  9.9765508529994995e-01
 906  9.9771620583033960e-01
1282  9.9776192169476696e-01
 392  9.9777477062424269e-01
 903  9.9785912262646803e-01
1121  9.9786591304603378e-01
 745  9.9788924869606710e-01
1068  9.9797529086156467e-01
 472  9.9802454512920125e-01
1067  9.9810360247277863e-01
 423  9.9819334074266974e-01
1549  9.9826825955428233e-01
 634  9.9850979368709936e-01
 337  9.9863229476892423e-01
 631  9.9866232262737387e-01
 686  9.9871819361079117e-01
 401  9.9873760763854025e-01
 671  9.9877107227597373e-01
 852  9.9879591804281309e-01
 469  9.9881505936906878e-01
1120  9.9887694947337358e-01
 389  9.9888064655839681e-01
 851  9.9888265128746612e-01
 902  9.9889359027910740e-01
 744  9.9890910678803746e-01
 400  9.9892663673367488e-01
1161  9.9895144051707407e-01
1053  9.9896441187771989e-01
 825  9.9903827492237030e-01
1066  9.9903845024576177e-01
 326  9.9908258685855234e-01
1548  9.9911269537158254e-01
1063  9.9912280071500570e-01
1547  9.9917476722861087e-01
 630  9.9936081576098290e-01
 845  9.9937094326604548e-01
 741  9.9939045423713990e-01
 468  9.9939626518817615e-01
 670  9.9941400853729234e-01
 850  9.9942952521856243e-01
 623  9.9943374146895969e-01
 467  9.9944397798218509e-01
1160  9.9945948005243224e-01
1052  9.9948234043340900e-01
 395  9.9950018614116076e-01
 824  9.9951447732148813e-01
 388  9.9951463425484166e-01
 929  9.9951719241553827e-01
1051  9.9953893814649208e-01
1062  9.9954909381289581e-01
 325  9.9958483792139896e-01
1545  9.9958785004667783e-01
 349  9.9960150724703101e-01
 453  9.9968633605133883e-01
 844  9.9968741490571222e-01
 740  9.9969438827850499e-01
1157  9.9970810967164558e-01
 466  9.9971329148850452e-01
 843  9.9972577833881626e-01
 622  9.9972702161168669e-01
 739  9.9972756581292532e-01
 729  9.9973224030540142e-01
1542  9.9973417134272713e-01
 607  9.9974517009216346e-01
 821  9.9974938726122098e-01
 928  9.9975183102224496e-01
1050  9.9976495660119646e-01
1047  9.9979540515006782e-01
 382  9.9980042091937471e-01
1105  9.9980725980576068e-01
 383  9.9982347554470652e-01
 324  9.9982762472068654e-01
 452  9.9984449542051035e-01
1156  9.9985196791572073e-01
 347  9.9985490645210373e-01
 842  9.9985741236509795e-01
 738  9.9985753779914210e-01
 728  9.9986747599709003e-01
1155  9.9986771779282113e-01
 595  9.9987542246951300e-01
1541  9.9987555094761704e-01
 576  9.9987559359696454e-01
 839  9.9987633404968101e-01
 820  9.9987690672550633e-01
1046  9.9989158583073423e-01
 819  9.9989775941267556e-01
1039  9.9990007010704274e-01
1104  9.9990148835088077e-01
 301  9.9991860959072787e-01
 369  9.9991877434231835e-01
1569  9.9992551857810741e-01
1154  9.9992897422212779e-01
 838  9.9993341197634322e-01
 725  9.9993904664847133e-01
 546  9.9994064773490954e-01
1540  9.9994123683423086e-01
 818  9.9994483532399348e-01
 450  9.9994515457932542e-01
 813  9.9994680799305491e-01
1034  9.9994968074273893e-01
 343  9.9995662092602067e-01
1568  9.9996162410471168e-01
 300  9.9996326820049797e-01
 441  9.9996710996454519e-01
 724  9.9996947951520110e-01
 913  9.9996995933596067e-01
 812  9.9997336432525930e-01
 723  9.9997653922351171e-01
 299  9.9997677991493328e-01
1097  9.9997828643880826e-01
 449  9.9997877677458091e-01
 406  9.9997934519762099e-01
 811  9.9997999084850464e-01
 697  9.9998107721337803e-01
 440  9.9998329400636110e-01
 912  9.9998374100386422e-01
 336  9.9998429288785862e-01
 722  9.9998563947597174e-01
 717  9.9998728570906659e-01
1096  9.9998791028035661e-01
 797  9.9998860475875395e-01
 809  9.9998937665923127e-01
 253  9.9998947638019342e-01
 696  9.9998968178547465e-01
 807  9.9998997747965657e-01
 297  9.9999017885977060e-01
 296  9.9999111852907363e-01
 865  9.9999212920605096e-01
 320  9.9999232346996991e-01
 437  9.9999240666726863e-01
 716  9.9999257513788720e-01
1073  9.9999278955537430e-01
 430  9.9999314674291850e-01
 796  9.9999318202762455e-01
1093  9.9999363904899319e-01
 804  9.9999380830484863e-01
 252  9.9999402156742179e-01
 715  9.9999431052152343e-01
 795  9.9999475256579162e-01
 864  9.9999480882720870e-01
 291  9.9999493170889298e-01
 288  9.9999496684243427e-01
 436  9.9999512562089299e-01
1072  9.9999514416572888e-01
 693  9.9999520706572065e-01
1281  9.9999539037463514e-01
1092  9.9999554858785278e-01
 905  9.9999557603635625e-01
 403  9.9999573266383857e-01
 794  9.9999573969138456e-01
 435  9.9999598217955710e-01
 712  9.9999601895229140e-01
 713  9.9999602111201524e-01
1091  9.9999603002580539e-01
 251  9.9999617537899965e-01
 791  9.9999621249462767e-01
 250  9.9999633976927760e-01
 692  9.9999639870215196e-01
1280  9.9999642969057490e-01
 282  9.9999648703793631e-01
 904  9.9999654007793792e-01
 429  9.9999660385817613e-01
1089  9.9999682480044716e-01
 708  9.9999682958732294e-01
 785  9.9999688518491525e-01
 433  9.9999688742899806e-01
 691  9.9999691978793026e-01
 787  9.9999692010515029e-01
 138  9.9999694467575750e-01
 247  9.9999706338538319e-01
 276  9.9999711178597273e-01
 633  9.9999712619571923e-01
 901  9.9999717067844274e-01
 776  9.9999724068846019e-01
 427  9.9999724270651524e-01
 689  9.9999724532232559e-01
 421  9.9999726009608836e-01
 685  9.9999726097605446e-01
 244  9.9999727054412368e-01
 137  9.9999727761800028e-01
1546  9.9999731686319127e-01
1065  9.9999731893168942e-01
 335  9.9999733560477699e-01
 632  9.9999734151745268e-01
 241  9.9999734250262740e-01
 900  9.9999735052961036e-01
 684  9.9999740131601977e-01
 899  9.9999741118196828e-01
 231  9.9999741861111613e-01
 224  9.9999742487639132e-01
1064  9.9999742856547702e-01
 133  9.9999743830666310e-01
 399  9.9999743929372686e-01
 398  9.9999744435703308e-01
 898  9.9999745945345531e-01
 419  9.9999746060138850e-01
 849  9.9999747171429432e-01
 683  9.9999747372527070e-01
 207  9.9999748364744467e-01
 197  9.9999748464885685e-01
 119  9.9999749612868949e-01
 669  9.9999749657502635e-01
 629  9.9999750140871368e-01
 397  9.9999750423895784e-01
 848  9.9999750550450173e-01
1061  9.9999750816629207e-01
 679  9.9999751000216919e-01
 681  9.9999751049154284e-01
 159  9.9999751389977487e-01
 415  9.9999751860260910e-01
 678  9.9999751937097303e-01
 606  9.9999752161521627e-01
 387  9.9999752175286971e-01
 668  9.9999752404415121e-01
1060  9.9999752475006987e-01
 628  9.9999752494988814e-01
 465  9.9999752815602705e-01
1059  9.9999753303106720e-01
1543  9.9999753332310670e-01
 386  9.9999753473388830e-01
 667  9.9999753474676289e-01
 100  9.9999753514804446e-01
 464  9.9999753594078278e-01
 627  9.9999753611003861e-01
 116  9.9999753619864928e-01
 393  9.9999753622530740e-01
1049  9.9999753792734802e-01
1057  9.9999753815298886e-01
 594  9.9999753832605909e-01
 621  9.9999753847905870e-01
 665  9.9999753913451894e-01
 664  9.9999753921475909e-01
 625  9.9999753967207672e-01
1038  9.9999754032007260e-01
 385  9.9999754052648071e-01
1048  9.9999754073240876e-01
 737  9.9999754120307272e-01
 656  9.9999754135261032e-01
 841  9.9999754140725172e-01
 368  9.9999754144236042e-01
  79  9.9999754146097919e-01
 620  9.9999754168331756e-01
 323  9.9999754171033395e-01
 661  9.9999754178632272e-01
 736  9.9999754232304805e-01
 647  9.9999754240827110e-01
 381  9.9999754241614913e-01
1045  9.9999754254132478e-01
 840  9.9999754262813312e-01
 605  9.9999754268612617e-01
 618  9.9999754275473296e-01
 391  9.9999754280221209e-01
 380  9.9999754282079689e-01
 619  9.9999754288853704e-01
1153  9.9999754296887855e-01
 322  9.9999754310125244e-01
 603  9.9999754312664324e-01
1044  9.9999754314260791e-01
 837  9.9999754319355272e-01
 615  9.9999754320592549e-01
 377  9.9999754320745060e-01
 574  9.9999754322765944e-01
 345  9.9999754324829782e-01
1152  9.9999754326251800e-01
 599  9.9999754332547208e-01
 611  9.9999754334766966e-01
 593  9.9999754335641189e-01
 321  9.9999754335661517e-01
1037  9.9999754335771118e-01
 372  9.9999754337818558e-01
 817  9.9999754338299951e-01
1042  9.9999754338846603e-01
1043  9.9999754339112290e-01
1539  9.9999754339478208e-01
 573  9.9999754341233216e-01
 836  9.9999754341303981e-01
 590  9.9999754341557423e-01
 298  9.9999754342274960e-01
 584  9.9999754345115066e-01
 448  9.9999754345681602e-01
 379  9.9999754345958003e-01
1035  9.9999754346238301e-01
1538  9.9999754346262704e-01
 810  9.9999754347528214e-01
 577  9.9999754347590919e-01
 578  9.9999754347590919e-01
 579  9.9999754347590919e-01
 580  9.9999754347599823e-01
 581  9.9999754347599845e-01
 582  9.9999754347599989e-01
 583  9.9999754347599989e-01
 592  9.9999754347617653e-01
 587  9.9999754347621117e-01
 589  9.9999754347621139e-01
 585  9.9999754347621150e-01
 586  9.9999754347621150e-01
 588  9.9999754347621161e-01
 591  9.9999754347626268e-01
 544  9.9999754347734937e-01
 205  9.9999754348296399e-01
 202  9.9999754348296577e-01
 203  9.9999754348296577e-01
 204  9.9999754348296577e-01
 206  9.9999754348296888e-01
 201  9.9999754348296943e-01
 200  9.9999754348296954e-01
 198  9.9999754348300196e-01
 199  9.9999754348300196e-01
1032  9.9999754348823600e-01
 571  9.9999754349327519e-01
 280  9.9999754349444259e-01
 277  9.9999754349444714e-01
 279  9.9999754349444725e-01
 281  9.9999754349444736e-01
 278  9.9999754349444780e-01
 541  9.9999754349933756e-01
 375  9.9999754350592718e-01
 816  9.9999754350671688e-01
 835  9.9999754350688619e-01
 645  9.9999754350715686e-01
 640  9.9999754350715708e-01
 641  9.9999754350715708e-01
 646  9.9999754350715830e-01
 644  9.9999754350715864e-01
 642  9.9999754350715930e-01
 643  9.9999754350715930e-01
 539  9.9999754351117021e-01
 538  9.9999754351643577e-01
1537  9.9999754351892267e-01
 519  9.9999754351966708e-01
 518  9.9999754351966752e-01
 509  9.9999754351968684e-01
 510  9.9999754351968784e-01
 503  9.9999754351968906e-01
 497  9.9999754351969039e-01
 499  9.9999754351969039e-01
 511  9.9999754351969072e-01
 502  9.9999754351969161e-01
 507  9.9999754351969672e-01
 617  9.9999754352011738e-01
 616  9.9999754352011760e-01
 366  9.9999754352116021e-01
 531  9.9999754352129522e-01
 542  9.9999754352144843e-01
 532  9.9999754352144943e-01
 533  9.9999754352144943e-01
 534  9.9999754352144943e-01
 535  9.9999754352144943e-01
 536  9.9999754352144954e-01
 545  9.9999754352144987e-01
 540  9.9999754352145043e-01
 543  9.9999754352145054e-01
 537  9.9999754352145132e-01
 530  9.9999754352351666e-01
 528  9.9999754352351677e-01
 524  9.9999754352351733e-01
 525  9.9999754352351733e-01
 529  9.9999754352351733e-01
 522  9.9999754352351866e-01
 523  9.9999754352351866e-01
 526  9.9999754352351866e-01
 527  9.9999754352351866e-01
 609  9.9999754352984571e-01
 608  9.9999754352984627e-01
 610  9.9999754352984771e-01
 614  9.9999754353032977e-01
 613  9.9999754353033521e-01
 612  9.9999754353033687e-01
 567  9.9999754353177062e-01
1029  9.9999754353184511e-01
 833  9.9999754353501069e-01
 290  9.9999754353726955e-01
 786  9.9999754353875159e-01
 230  9.9999754353903159e-01
 229  9.9999754353903270e-01
 228  9.9999754353903281e-01
 226  9.9999754353909420e-01
 225  9.9999754353909431e-01
 227  9.9999754353909431e-01
 157  9.9999754353933445e-01
 154  9.9999754353933812e-01
 155  9.9999754353933823e-01
 148  9.9999754353933867e-01
 149  9.9999754353933867e-01
 150  9.9999754353933867e-01
 151  9.9999754353933867e-01
 152  9.9999754353933867e-01
 153  9.9999754353933867e-01
 158  9.9999754353933867e-01
 146  9.9999754353933934e-01
 147  9.9999754353933934e-01
 156  9.9999754353933934e-01
 144  9.9999754353933945e-01
 145  9.9999754353933945e-01
 141  9.9999754353934089e-01
 142  9.9999754353934089e-01
 143  9.9999754353934089e-01
 289  9.9999754353963777e-01
 680  9.9999754354068682e-01
 808  9.9999754354214687e-01
 341  9.9999754354652315e-01
 243  9.9999754354817905e-01
 242  9.9999754354817916e-01
 376  9.9999754354830617e-01
 136  9.9999754354982739e-01
 101  9.9999754354985626e-01
 102  9.9999754354985626e-01
 103  9.9999754354985626e-01
 132  9.9999754354987858e-01
 118  9.9999754354987980e-01
 117  9.9999754354988024e-01
 128  9.9999754354988024e-01
 129  9.9999754354988024e-01
 130  9.9999754354988035e-01
 131  9.9999754354988035e-01
 120  9.9999754354988446e-01
 121  9.9999754354988446e-01
 122  9.9999754354988446e-01
 123  9.9999754354988446e-01
 124  9.9999754354988557e-01
 125  9.9999754354988557e-01
 126  9.9999754354988557e-01
 127  9.9999754354988557e-01
 135  9.9999754354988679e-01
 134  9.9999754354988690e-01
 139  9.9999754354988923e-01
 216  9.9999754355002968e-01
 217  9.9999754355002968e-01
 212  9.9999754355002990e-01
 213  9.9999754355002990e-01
 214  9.9999754355002990e-01
 215  9.9999754355002990e-01
 106  9.9999754355003290e-01
 108  9.9999754355003290e-01
 104  9.9999754355003301e-01
 105  9.9999754355003301e-01
 107  9.9999754355003312e-01
 114  9.9999754355003545e-01
 115  9.9999754355003578e-01
 208  9.9999754355004122e-01
 209  9.9999754355004122e-01
 210  9.9999754355004122e-01
 211  9.9999754355004122e-01
 110  9.9999754355004167e-01
 111  9.9999754355004167e-01
 109  9.9999754355004256e-01
 113  9.9999754355004278e-01
 112  9.9999754355004367e-01
 676  9.9999754355008674e-01
 672  9.9999754355015269e-01
 673  9.9999754355015269e-01
 682  9.9999754355016945e-01
 677  9.9999754355024706e-01
 674  9.9999754355025183e-01
 675  9.9999754355025305e-01
 219  9.9999754355029968e-01
 220  9.9999754355030024e-01
 218  9.9999754355030068e-01
 221  9.9999754355030235e-01
 223  9.9999754355030313e-01
 222  9.9999754355030412e-01
 371  9.9999754355042547e-01
 370  9.9999754355042580e-01
 363  9.9999754355060466e-01
 563  9.9999754355114190e-01
 283  9.9999754355134196e-01
 284  9.9999754355137793e-01
 285  9.9999754355137882e-01
 286  9.9999754355138271e-01
 287  9.9999754355138615e-01
 378  9.9999754355149162e-01
 373  9.9999754355197323e-01
 374  9.9999754355200043e-01
 248  9.9999754355574266e-01
 249  9.9999754355574921e-01
 660  9.9999754355608772e-01
 658  9.9999754355608905e-01
 659  9.9999754355608916e-01
 657  9.9999754355609016e-01
1028  9.9999754355914949e-01
 361  9.9999754355953585e-01
 295  9.9999754355992110e-01
 604  9.9999754355999770e-01
 600  9.9999754356040182e-01
 601  9.9999754356040182e-01
 602  9.9999754356045256e-01
 651  9.9999754356046533e-01
 650  9.9999754356046544e-01
 649  9.9999754356047021e-01
 648  9.9999754356047033e-01
 653  9.9999754356051829e-01
 654  9.9999754356051884e-01
 655  9.9999754356051895e-01
 652  9.9999754356051951e-01
 598  9.9999754356052217e-01
 597  9.9999754356052273e-01
 596  9.9999754356052362e-01
 806  9.9999754356096660e-01
 294  9.9999754356172288e-01
 293  9.9999754356177295e-01
 292  9.9999754356178339e-01
 334  9.9999754356206683e-01
 333  9.9999754356274340e-01
 331  9.9999754356298098e-01
 180  9.9999754356303305e-01
 181  9.9999754356303305e-01
 182  9.9999754356303328e-01
 183  9.9999754356303328e-01
 196  9.9999754356303461e-01
 192  9.9999754356303472e-01
 193  9.9999754356303483e-01
 186  9.9999754356303538e-01
 184  9.9999754356303561e-01
 185  9.9999754356303561e-01
 187  9.9999754356303561e-01
 189  9.9999754356303561e-01
 188  9.9999754356303572e-01
 194  9.9999754356303594e-01
 195  9.9999754356303594e-01
 190  9.9999754356303716e-01
 191  9.9999754356303716e-01
 168  9.9999754356303860e-01
 169  9.9999754356303860e-01
 170  9.9999754356303860e-01
 171  9.9999754356303860e-01
 172  9.9999754356303860e-01
 173  9.9999754356303860e-01
 174  9.9999754356303860e-01
 175  9.9999754356303860e-01
 176  9.9999754356304238e-01
 177  9.9999754356304238e-01
 178  9.9999754356304238e-01
 179  9.9999754356304238e-01
 160  9.9999754356306170e-01
 161  9.9999754356306170e-01
 162  9.9999754356306170e-01
 163  9.9999754356306170e-01
 164  9.9999754356306192e-01
 165  9.9999754356306192e-01
 166  9.9999754356306192e-01
 167  9.9999754356306192e-01
 332  9.9999754356334125e-01
 328  9.9999754356335147e-01
 329  9.9999754356335147e-01
 330  9.9999754356335990e-01
 240  9.9999754356424175e-01
 237  9.9999754356424853e-01
 238  9.9999754356425519e-01
 239  9.9999754356425619e-01
 236  9.9999754356430759e-01
 235  9.9999754356430770e-01
 234  9.9999754356430781e-01
 233  9.9999754356430848e-01
 232  9.9999754356430859e-01
 246  9.9999754356441906e-01
1040  9.9999754356445480e-01
1041  9.9999754356446668e-01
 245  9.9999754356453374e-01
 304  9.9999754356574289e-01
 305  9.9999754356574289e-01
 306  9.9999754356574300e-01
 307  9.9999754356574300e-01
 308  9.9999754356574311e-01
 312  9.9999754356574588e-01
 310  9.9999754356577231e-01
 311  9.9999754356577231e-01
 309  9.9999754356577275e-01
 266  9.9999754356580117e-01
 267  9.9999754356580128e-01
 265  9.9999754356580139e-01
 264  9.9999754356591908e-01
 262  9.9999754356591919e-01
 263  9.9999754356591919e-01
 260  9.9999754356591930e-01
 261  9.9999754356591930e-01
 256  9.9999754356593229e-01
 257  9.9999754356593229e-01
 258  9.9999754356593229e-01
 259  9.9999754356593229e-01
 318  9.9999754356605153e-01
 317  9.9999754356616843e-01
 319  9.9999754356619852e-01
 316  9.9999754356627901e-01
 313  9.9999754356631199e-01
 315  9.9999754356632042e-01
 314  9.9999754356632076e-01
 270  9.9999754356636361e-01
 271  9.9999754356636361e-01
 268  9.9999754356636372e-01
 269  9.9999754356636372e-01
 274  9.9999754356642423e-01
 275  9.9999754356642434e-01
 272  9.9999754356644255e-01
 273  9.9999754356644410e-01
 339  9.9999754356748227e-01
 413  9.9999754356779635e-01
 412  9.9999754356779713e-01
 706  9.9999754356779758e-01
 707  9.9999754356779935e-01
 414  9.9999754356781489e-01
 704  9.9999754356789328e-01
 705  9.9999754356789716e-01
 662  9.9999754356796289e-01
 663  9.9999754356796478e-01
 790  9.9999754356830295e-01
 338  9.9999754356841464e-01
 789  9.9999754356878334e-01
 788  9.9999754356878701e-01
 364  9.9999754357021509e-01
 365  9.9999754357021509e-01
 367  9.9999754357026183e-01
 432  9.9999754357039716e-01
 792  9.9999754357046688e-01
 390  9.9999754357048887e-01
 793  9.9999754357051451e-01
  97  9.9999754357090231e-01
  96  9.9999754357090298e-01
  98  9.9999754357090387e-01
  99  9.9999754357090387e-01
  89  9.9999754357090598e-01
  90  9.9999754357090598e-01
  91  9.9999754357090598e-01
  88  9.9999754357090609e-01
  92  9.9999754357090620e-01
  93  9.9999754357090620e-01
  94  9.9999754357090753e-01
  95  9.9999754357090753e-01
  82  9.9999754357092729e-01
  83  9.9999754357092729e-01
  80  9.9999754357092741e-01
  81  9.9999754357092741e-01
  85  9.9999754357093262e-01
  86  9.9999754357093262e-01
  87  9.9999754357093262e-01
  84  9.9999754357093273e-01
 666  9.9999754357132908e-01
 434  9.9999754357136783e-01
 384  9.9999754357180104e-01
 362  9.9999754357198212e-01
 355  9.9999754357216908e-01
 352  9.9999754357216919e-01
 353  9.9999754357216919e-01
 354  9.9999754357216919e-01
 359  9.9999754357229231e-01
 356  9.9999754357229265e-01
 357  9.9999754357229265e-01
 358  9.9999754357229276e-01
 360  9.9999754357229609e-01
 548  9.9999754357267057e-01
 551  9.9999754357267068e-01
 549  9.9999754357267079e-01
 550  9.9999754357267079e-01
 547  9.9999754357267256e-01
 721  9.9999754357267490e-01
 418  9.9999754357269599e-01
 558  9.9999754357274362e-01
 559  9.9999754357274362e-01
 556  9.9999754357274451e-01
 557  9.9999754357274451e-01
 562  9.9999754357274484e-01
 552  9.9999754357274517e-01
 553  9.9999754357274517e-01
 554  9.9999754357274517e-01
 555  9.9999754357274517e-01
 560  9.9999754357274684e-01
 561  9.9999754357274684e-01
 624  9.9999754357286552e-01
 896  9.9999754357292014e-01
 720  9.9999754357309134e-01
 568  9.9999754357320392e-01
 569  9.9999754357320392e-01
 566  9.9999754357322101e-01
 565  9.9999754357322279e-01
 564  9.9999754357322301e-01
 572  9.9999754357323833e-01
 575  9.9999754357324633e-01
 570  9.9999754357324655e-01
 897  9.9999754357339243e-01
 688  9.9999754357427995e-01
1033  9.9999754357470749e-01
1030  9.9999754357470971e-01
1031  9.9999754357471393e-01
 773  9.9999754357523951e-01
 772  9.9999754357523962e-01
 774  9.9999754357524051e-01
 775  9.9999754357524129e-01
 714  9.9999754357527082e-01
 771  9.9999754357558368e-01
 770  9.9999754357558401e-01
 768  9.9999754357558812e-01
 769  9.9999754357558812e-01
 626  9.9999754357560344e-01
 832  9.9999754357560433e-01
 834  9.9999754357564674e-01
 802  9.9999754357601478e-01
 803  9.9999754357610560e-01
 428  9.9999754357616488e-01
 784  9.9999754357622661e-01
 781  9.9999754357632575e-01
 780  9.9999754357632631e-01
 801  9.9999754357635029e-01
 800  9.9999754357635628e-01
 783  9.9999754357637416e-01
 782  9.9999754357637427e-01
 777  9.9999754357642057e-01
 779  9.9999754357642678e-01
 778  9.9999754357642712e-01
 426  9.9999754357648984e-01
 424  9.9999754357650716e-01
 425  9.9999754357651871e-01
 690  9.9999754357665593e-01
   4  9.9999754357673043e-01
   5  9.9999754357673043e-01
   6  9.9999754357673043e-01
   7  9.9999754357673043e-01
   0  9.9999754357673054e-01
   1  9.9999754357673054e-01
   2  9.9999754357673065e-01
   3  9.9999754357673065e-01
   8  9.9999754357673087e-01
   9  9.9999754357673087e-01
  10  9.9999754357673087e-01
  11  9.9999754357673087e-01
  12  9.9999754357673087e-01
  13  9.9999754357673087e-01
  14  9.9999754357673087e-01
  15  9.9999754357673087e-01
  16  9.9999754357673087e-01
  17  9.9999754357673087e-01
  18  9.9999754357673087e-01
  19  9.9999754357673087e-01
  20  9.9999754357673087e-01
  21  9.9999754357673087e-01
  22  9.9999754357673087e-01
  23  9.9999754357673087e-01
  24  9.9999754357673087e-01
  25  9.9999754357673087e-01
  26  9.9999754357673087e-01
  27  9.9999754357673087e-01
  28  9.9999754357673087e-01
  29  9.9999754357673087e-01
  30  9.9999754357673087e-01
  31  9.9999754357673087e-01
 396  9.9999754357681048e-01
1088  9.9999754357683046e-01
1036  9.9999754357714010e-01
1025  9.9999754357739334e-01
1024  9.9999754357739368e-01
1027  9.9999754357754866e-01
1026  9.9999754357754955e-01
1536  9.9999754357781123e-01
1090  9.9999754357812665e-01
 805  9.9999754357823423e-01
 710  9.9999754357839643e-01
 709  9.9999754357849580e-01
 711  9.9999754357852022e-01
  40  9.9999754357860404e-01
  41  9.9999754357860404e-01
  42  9.9999754357860404e-01
  43  9.9999754357860404e-01
  44  9.9999754357860404e-01
  45  9.9999754357860404e-01
  46  9.9999754357860404e-01
  47  9.9999754357860404e-01
  34  9.9999754357860426e-01
  35  9.9999754357860426e-01
  32  9.9999754357860438e-01
  33  9.9999754357860438e-01
  36  9.9999754357860449e-01
  37  9.9999754357860449e-01
  38  9.9999754357860449e-01
  39  9.9999754357860449e-01
  68  9.9999754357865178e-01
  69  9.9999754357865178e-01
  70  9.9999754357865178e-01
  71  9.9999754357865178e-01
  64  9.9999754357865778e-01
  65  9.9999754357865778e-01
  66  9.9999754357865778e-01
  67  9.9999754357865778e-01
  56  9.9999754357865822e-01
  57  9.9999754357865822e-01
  58  9.9999754357865822e-01
  59  9.9999754357865822e-01
  60  9.9999754357865822e-01
  61  9.9999754357865822e-01
  62  9.9999754357865822e-01
  63  9.9999754357865822e-01
  50  9.9999754357865844e-01
  51  9.9999754357865844e-01
  48  9.9999754357865855e-01
  49  9.9999754357865855e-01
  52  9.9999754357865867e-01
  53  9.9999754357865867e-01
  54  9.9999754357865867e-01
  55  9.9999754357865867e-01
  74  9.9999754357865900e-01
  75  9.9999754357865900e-01
  76  9.9999754357866122e-01
  77  9.9999754357866200e-01
  78  9.9999754357866200e-01
  72  9.9999754357866433e-01
  73  9.9999754357866433e-01
1056  9.9999754357915471e-01
1058  9.9999754357951032e-01
