0 0 1 0 0 1 0 0 1 0 1 0 1 0 1 0 1 0 1 0 1 0 1 0 0 1 0 1 0 1 0 
0 1 0 0 1 0 1 0 1 0 1 0 0 1 0 
0 0 1 0 1 0 0 
0 1 0 
0 
  63  8.6736798518224114e-08
  62  7.0505860270378374e-05
  61  7.3381342843889543e-05
  60  1.0648808568677964e-04
  57  1.7060989067926291e-04
  47  4.0285754643352355e-04
  46  1.0171521171335369e-03
  59  4.4425626717725280e-03
  58  5.5412306150405431e-03
  56  7.5952051723253353e-03
  55  8.4536594416532058e-03
  53  1.2983098552667573e-02
  52  2.0538839723781867e-02
  45  2.1258278878687524e-02
  43  3.3417529147810723e-02
  44  3.4554672070716337e-02
  42  5.3272299231037892e-02
  39  6.2154440763804088e-02
  38  9.7771158904824448e-02
  54  1.1790809626896881e-01
  31  1.3029814246412477e-01
  51  1.7143051251556327e-01
  30  1.9165595535855437e-01
  50  2.3642232669147295e-01
  41  2.9221461199141302e-01
  49  3.1441641156759303e-01
  15  3.8834382863628625e-01
  40  3.8985351101663601e-01
  37  4.1023600885699307e-01
  36  5.1700338715877547e-01
  35  5.2217808203272753e-01
  29  5.7418884847422202e-01
  34  6.2967226567027468e-01
  28  6.7676923289384860e-01
  27  6.8216092135751638e-01
  26  7.7302623264203552e-01
  48  7.8032740481403551e-01
  23  7.8662022313036251e-01
  14  8.3688163171218521e-01
  22  8.5800548979877278e-01
  13  8.9075610433658214e-01
  33  9.2447048913089125e-01
  12  9.3222919474136878e-01
  32  9.5347854189416703e-01
   9  9.6245546006812055e-01
  25  9.7132702098465573e-01
  24  9.8344596603664902e-01
  21  9.8838328789814056e-01
  20  9.9361829112932443e-01
  19  9.9393642439990748e-01
  18  9.9676537414537403e-01
  11  9.9724327984717509e-01
  10  9.9856450589204382e-01
   8  9.9952353197885524e-01
   7  9.9960788687271540e-01
   6  9.9980346416146371e-01
   3  9.9991444611219626e-01
  17  9.9999513127425443e-01
  16  9.9999759086136220e-01
   5  9.9999991923382092e-01
   2  9.9999992074964938e-01
   4  9.9999992127308401e-01
   1  9.9999992308088470e-01
   0  9.9999992323668163e-01
