0 0 0 0 0 0 0 1 0 0 0 0 1 0 0 0 1 0 1 0 0 1 0 0 0 0 1 0 1 0 1 0 0 0 1 0 0 1 0 0 1 0 0 0 1 0 1 0 0 1 0 0 1 0 1 0 1 0 1 0 0 1 0 0 0 0 0 1 0 0 1 0 0 0 1 0 1 0 1 0 1 0 1 0 1 0 1 0 1 0 1 0 1 0 1 0 1 0 1 0 1 0 1 0 1 0 1 0 1 0 1 0 1 0 1 0 1 0 1 0 1 0 1 0 1 0 1 0 1 0 1 0 1 0 1 0 1 0 1 0 1 0 1 0 1 0 1 0 1 0 1 0 1 0 1 0 1 0 1 0 1 0 1 0 1 0 1 0 1 0 1 0 1 0 1 0 1 0 1 0 1 0 0 0 1 0 1 0 0 0 0 0 0 0 1 0 0 1 0 0 1 0 1 0 1 0 1 0 1 0 1 0 1 0 1 0 0 1 0 0 1 0 0 0 1 0 1 0 1 0 1 0 1 0 1 0 1 0 1 0 0 1 0 0 1 0 0 0 1 0 0 0 1 0 1 0 1 0 1 0 1 0 1 0 1 0 1 0 1 0 1 0 1 0 1 0 1 0 1 0 1 0 1 0 1 0 0 0 1 0 1 0 1 0 1 0 1 0 1 0 1 0 0 0 1 0 1 0 1 0 0 0 1 0 0 0 0 0 0 0 1 0 1 0 1 0 1 0 1 0 1 0 1 0 0 0 1 0 1 0 1 0 0 0 1 0 0 0 0 0 0 0 1 0 1 0 1 0 0 0 0 0 0 0 0 0 0 0 0 0 0 0 0 0 0 0 0 0 0 0 0 0 0 0 0 0 1 0 1 0 0 1 0 0 1 0 0 1 0 0 1 0 1 0 1 0 0 0 0 1 0 0 1 0 0 0 1 0 1 0 1 0 0 0 0 0 0 0 0 0 0 0 0 1 0 1 0 0 0 0 0 0 0 0 0 0 0 0 1 0 0 0 0 0 0 0 0 0 0 0 0 0 0 0 0 0 0 0 0 0 0 0 0 0 0 0 0 0 0 0 0 0 0 0 0 0 0 0 0 0 0 0 0 0 0 0 0 0 0 0 0 0 0 0 0 0 0 0 0 0 0 
0 1 0 0 0 0 1 0 1 0 0 0 1 0 1 0 0 1 0 1 0 0 1 0 0 0 1 0 1 0 0 0 0 0 1 0 1 0 1 0 1 0 1 0 1 0 1 0 1 0 1 0 1 0 1 0 1 0 1 0 1 0 1 0 1 0 1 0 1 0 1 0 1 0 1 0 1 0 1 0 1 0 1 0 1 0 1 0 1 0 1 0 1 0 1 0 0 1 0 0 1 0 1 0 1 0 1 0 0 1 0 0 1 0 1 0 1 0 1 0 0 1 0 0 1 0 1 0 1 0 1 0 1 0 1 0 1 0 1 0 1 0 1 0 1 0 1 0 1 0 1 0 1 0 1 0 1 0 0 0 1 0 1 0 1 0 1 0 1 0 1 0 1 0 0 0 1 0 1 0 0 0 0 0 0 0 0 0 0 0 1 0 0 1 0 1 0 1 0 0 1 0 1 0 0 1 0 0 1 0 1 0 0 0 0 0 0 1 0 0 0 0 0 0 1 0 1 0 0 0 0 0 0 0 0 0 0 0 0 0 0 0 0 0 0 0 0 0 0 0 0 0 0 0 0 
0 0 0 1 0 0 1 0 0 0 1 0 0 1 0 0 1 0 1 0 1 0 1 0 1 0 1 0 1 0 1 0 1 0 1 0 1 0 1 0 1 0 1 0 1 0 1 0 0 0 1 0 1 0 0 0 1 0 1 0 0 1 0 0 1 0 1 0 1 0 1 0 1 0 1 0 1 0 1 0 1 0 1 0 1 0 1 0 1 0 1 0 0 0 0 1 0 1 0 0 1 0 0 0 1 0 1 0 0 1 0 0 1 0 0 0 0 0 0 0 0 0 0 0 0 0 0 
0 0 1 0 0 1 0 0 1 0 1 0 1 0 1 0 1 0 1 0 1 0 1 0 0 1 0 0 1 0 0 0 1 0 1 0 1 0 1 0 1 0 1 0 1 0 1 0 0 1 0 0 1 0 0 0 1 0 0 0 0 0 0 
0 1 0 0 1 0 1 0 1 0 1 0 0 1 0 0 1 0 1 0 1 0 1 0 0 1 0 0 1 0 0 
0 0 1 0 1 0 0 0 1 0 1 0 0 1 0 
0 1 0 0 1 0 0 
0 1 0 
0 
 943  0.0000000000000000e+00
 959  0.0000000000000000e+00
 991  0.0000000000000000e+00
1015  9.6465444001515697e-38
 990  1.0249214926709990e-35
1023  2.0606013096465718e-34
 975  6.6580173456559504e-34
 771  9.4893866363527530e-33
 958  9.8862959936781004e-32
 942  1.7910286786936927e-31
 987  2.1628720586399316e-31
 955  2.2685396850368867e-30
 919  4.8339305432411678e-30
 927  4.2454558513675050e-29
1003  7.1796160549237257e-29
 989  1.1601275744752545e-28
 939  3.5046554555669202e-28
 863  8.2974152067705661e-28
 957  1.1632743780823014e-27
1007  2.3502417347631245e-27
 770  5.0914196630443341e-27
 983  3.6576310816878993e-26
 743  3.7869087707239386e-26
1019  5.5523774260000658e-26
 735  3.0441709245631294e-25
 769  4.0834242473684801e-25
 751  4.3000915856587493e-25
 941  1.0156162192250592e-24
 895  2.2305298647679267e-24
1021  3.0201504226840631e-24
1022  6.3177286747020911e-24
1014  6.8685587370150796e-24
1006  9.0336522883792828e-24
1011  1.7714342040220545e-23
 755  8.8827625398161265e-23
1013  4.1169420900902886e-22
 759  8.6096798720111504e-22
 956  1.5731297236665658e-21
 999  2.6526634212314057e-21
 988  4.0608659925619975e-21
 703  4.6315740765150978e-21
1018  8.5674320821559063e-21
 731  1.1398404707274587e-20
1020  1.1763346812019037e-20
1005  1.3508932895925994e-20
1017  1.6089290437977660e-20
 765  1.7438599974481397e-20
 974  3.2484842189340025e-20
 986  3.6085278045285608e-20
 699  4.8017577257243350e-20
 951  5.1870777991335137e-20
 985  1.0505491534703880e-19
 997  1.6077387029726569e-19
 973  1.6777625306432532e-19
 967  2.5984327120234395e-19
 935  3.2395636456972722e-19
 982  4.3270099290924384e-19
 981  5.9984549280809284e-19
 635  6.3635688315595298e-19
 998  8.8418170410993173e-19
 887  1.2963163015570864e-18
 995  1.4521026590906614e-18
 949  1.9929214384461765e-18
 954  2.4580063546100504e-18
 926  4.2202179777887620e-18
 859  6.8412159473644095e-18
 979  7.5756684451071783e-18
 925  8.8197274595799603e-18
 940  1.0850918491060241e-17
 953  1.1077002922612940e-17
 758  1.2460872831549552e-17
 950  1.3416916293854140e-17
 938  1.4352688096506681e-17
 971  1.5286013782522536e-17
 894  1.6212543151383435e-17
 933  1.6526157595403469e-17
 937  1.7055465590509550e-17
 911  1.7548037574847679e-17
 947  2.5796608191224407e-17
1004  3.2102326048490086e-17
 862  3.2884315198632283e-17
 757  3.5490458923340575e-17
 915  3.6385628995251700e-17
 918  4.6843888634981137e-17
 917  5.9776686990863193e-17
 639  8.4919860793436146e-17
 934  9.2265123358222212e-17
1002  1.1515143563651882e-16
 923  1.1907001531747762e-16
 383  1.3266525032373342e-16
 931  1.5734636326057102e-16
1001  2.0613601193570525e-16
 909  2.1499460212870221e-16
 883  2.4819821007958763e-16
 891  3.3075893542645117e-16
 768  5.1600565553066986e-16
 861  6.0475949009892620e-16
 847  6.5123443921346448e-16
 855  6.6986938771740256e-16
 893  7.3703843373646031e-16
 381  9.4874103441865263e-16
 734  1.0622147396113877e-15
 511  1.1066146290420990e-15
 750  1.2196822088756491e-15
 749  1.2204265587982219e-15
 764  1.2865896154341493e-15
 845  2.0850256508507659e-15
 857  2.2500374786082189e-15
 851  2.3657708729973110e-15
 761  2.4337800848674089e-15
 739  2.7801279458116736e-15
 831  2.7965065257344378e-15
 733  2.8521253257192918e-15
1016  3.3138407016749439e-15
 858  3.3327277131547708e-15
 702  3.3613311178059924e-15
1012  3.4890300517981988e-15
 753  4.1498996686216714e-15
 719  4.5937720602324948e-15
 742  4.6507375262319412e-15
 727  5.2075597442581818e-15
1010  5.5489032977952782e-15
 754  5.6380669489317170e-15
 756  6.0763201417640603e-15
1009  6.4997179542066310e-15
 730  6.7984488624324598e-15
 741  7.0267905348041351e-15
 747  9.4656154358088785e-15
 729  1.0766442429739387e-14
 687  1.2306282793245073e-14
 815  1.2919323744153880e-14
 723  1.4455932381600188e-14
 695  1.4952677880735063e-14
 693  1.7073133015432253e-14
 717  2.6780741317161893e-14
 697  3.4882318632390930e-14
 698  4.4826333832551626e-14
 671  5.8431674423465051e-14
 631  8.3201390532830321e-14
 503  8.7266622035725282e-14
 685  9.1501387924992206e-14
 623  1.0228880363624754e-13
 813  1.1521793400855127e-13
 629  2.8158451100233601e-13
 669  2.9656707219137154e-13
 621  3.1026100418251225e-13
 633  4.5147321467343279e-13
 638  4.9323384565391098e-13
 607  5.3244892455417995e-13
 952  8.5242310637854348e-13
 701  8.7805412911258897e-13
 634  1.1318241938596761e-12
1000  1.7098094983226935e-12
 605  3.5044075827553670e-12
 996  4.9383692256579859e-12
 994  4.9500993255940268e-12
 993  4.9702539322301818e-12
1008  5.0075444914220846e-12
 984  8.6600161498703252e-12
 980  8.6652547852695984e-12
 978  8.6755942820506854e-12
 977  8.6962530482615911e-12
 575  1.1216201568303457e-11
 860  1.1565364991026205e-11
 972  1.7319851712231054e-11
 970  1.7330903021077894e-11
 969  1.7352471971707349e-11
 948  1.8574771703333297e-11
 946  1.8641476185536959e-11
 945  1.8710877605542920e-11
 501  2.5608040027434895e-11
 573  3.0516712347781959e-11
 966  3.4638707710643039e-11
 965  3.4662875854531409e-11
 924  3.5173430202620866e-11
 922  3.5341790401447712e-11
 921  3.5457751458953589e-11
 637  4.6965647569100599e-11
 479  5.8453224756757288e-11
 963  6.9273751771023758e-11
 892  7.0312034321704523e-11
 910  7.1296350168877118e-11
 936  1.0153278452433137e-10
 932  1.0178313285336294e-10
 930  1.0196950651357939e-10
 929  1.0233500344819313e-10
 875  1.0956981606495679e-10
 886  1.4287280948222105e-10
 885  1.4317648387793425e-10
 903  1.4355273963549833e-10
 890  1.7969436160945960e-10
 889  1.7997287828233631e-10
 375  1.9034206431153029e-10
 907  1.9995238388025744e-10
 916  2.0949914822790827e-10
 914  2.0999763986356908e-10
 913  2.1039943632800816e-10
 760  2.4287318777011091e-10
 379  2.5918488770881454e-10
 908  2.7109532936993312e-10
 879  3.0974030552109930e-10
 367  3.0987638420034061e-10
 905  3.1495811679776870e-10
 882  3.3334019503461833e-10
 881  3.3504583954093820e-10
 901  3.6610008679985803e-10
 478  4.4291213708112684e-10
 382  4.4672893411721117e-10
 380  5.0738561933033295e-10
 377  5.0896988366317579e-10
 374  5.4956084112581518e-10
 814  5.7730041747296465e-10
 846  5.8858483712430981e-10
 854  7.2647090452590058e-10
 853  7.2818316902340236e-10
 510  7.8788394097571107e-10
 351  9.2297345690585583e-10
 365  9.4907857697392855e-10
 732  1.0541127581572034e-09
 839  1.1895083993483805e-09
 830  1.2703066826881401e-09
 856  1.3014962566798360e-09
 850  1.3278419959243166e-09
 873  1.3465970647287066e-09
 748  1.4105733084174177e-09
 849  1.4122708303363541e-09
 746  1.4136789144706572e-09
 745  1.4197422129223654e-09
 844  1.4270694909646435e-09
 843  1.4369632670485040e-09
 842  1.7124034602057315e-09
 700  1.7984615014806395e-09
 718  2.1697318082398528e-09
 838  2.4190873213844392e-09
 715  2.5283957995207063e-09
 827  2.5634830726715462e-09
 752  2.7408582360019975e-09
 740  2.7497957558437598e-09
 738  2.7637336466365768e-09
 737  2.7870649788562023e-09
 726  2.9079468057911186e-09
 829  2.9093638121392977e-09
 725  2.9145897485458573e-09
 728  3.0004256279749228e-09
 350  3.6140822428502692e-09
 722  3.7325348509955499e-09
 721  3.8405590553463184e-09
 686  3.8427178792343465e-09
 711  4.4347500170824305e-09
 716  4.7551061878128802e-09
 714  4.7715819909987178e-09
 683  4.9354401424791809e-09
 694  5.2777284219490726e-09
 826  5.2861661936461968e-09
 691  5.4092041201509994e-09
 696  5.6530245323790807e-09
 811  5.9776182726028895e-09
 636  6.4879050439690388e-09
 319  6.6443472568595024e-09
 692  6.8432093969336491e-09
 679  7.7056939550471969e-09
 690  7.7747939589368492e-09
 670  8.1027401396753786e-09
 807  8.8137729240871263e-09
 684  9.1934552392565025e-09
 682  9.2334571371776731e-09
 710  9.6091229664990443e-09
 812  1.0363735356407431e-08
 810  1.0440214548161971e-08
 667  1.1200460531976560e-08
 630  1.2264054686447434e-08
 627  1.2564830009679146e-08
 622  1.4029526029758054e-08
 509  1.5495719603962855e-08
 663  1.5889619398331600e-08
 678  1.8351026987539922e-08
 632  1.8909031369223962e-08
 628  1.9011532790432235e-08
 626  1.9185700108825474e-08
 619  1.9991531229340339e-08
 668  2.0778932035619239e-08
 806  2.0840926207646032e-08
 666  2.0902179379305243e-08
 799  2.1105030087885421e-08
 615  2.8186415424362526e-08
 574  2.8450768114494410e-08
 606  3.5731020028653772e-08
 318  3.5914664462807804e-08
 655  3.6902699702485070e-08
 620  3.7584147111683119e-08
 618  3.7748781886370020e-08
 662  4.1127696006431804e-08
 603  5.1808057079051505e-08
 599  6.7296474555079730e-08
 614  7.4943265876785105e-08
 654  8.5313597821777918e-08
 604  9.5885136288946051e-08
 602  9.7383309778090065e-08
 787  1.1777616137856562e-07
 502  1.2389053923780919e-07
 591  1.5795124684595894e-07
 508  1.7774717869540629e-07
 598  1.8731263889897376e-07
 491  1.9040796459061569e-07
 499  2.0560873242690983e-07
 571  2.1038344731846463e-07
 793  2.5882820662864959e-07
 567  2.6620761913902033e-07
 495  2.9742633251178659e-07
 255  3.0012068615967309e-07
 500  3.3596280398024196e-07
 498  3.5698253168777612e-07
 590  3.6072064416981277e-07
 572  3.7177814016374326e-07
 506  3.7678744605617546e-07
 570  3.8020308801992169e-07
 992  4.0151916736772210e-07
 976  4.0641332766210463e-07
 968  4.1515968529365922e-07
 964  4.3049543566201438e-07
 962  4.6112830792800914e-07
 961  5.2230869312634570e-07
 543  5.2618930407590145e-07
 507  5.6531963035799187e-07
 559  6.3341305909747135e-07
 566  6.7323309876849496e-07
 254  6.8120116438133775e-07
 944  7.4490821292485261e-07
 906  8.7885619090179306e-07
 920  9.6220828203155394e-07
 902  1.0179448998427567e-06
 899  1.0678920714351320e-06
 477  1.3052170039801064e-06
 490  1.3860280913709351e-06
 558  1.4092914141635400e-06
 378  1.4362177003889973e-06
 475  1.4491288268267260e-06
 373  1.4849371456810540e-06
 888  1.4919131874090686e-06
 884  1.5367594773936028e-06
 928  1.7092470644605800e-06
 878  1.7196932214587142e-06
 371  1.7236579352226419e-06
 912  1.7936681994268112e-06
 877  1.7975160062951130e-06
 904  1.8861290268305337e-06
 900  1.9880068038201317e-06
 898  2.1370301154333350e-06
 366  2.2442075650886325e-06
 471  2.3190847797689830e-06
 363  2.3681059192124784e-06
 476  2.5149707145839110e-06
 474  2.6191413538084832e-06
 376  2.8257451010416841e-06
 372  2.9094357964960889e-06
 880  3.0253000309360425e-06
 370  3.0347592316324441e-06
 874  3.0752723615237421e-06
 872  3.4679843049193559e-06
 852  3.6858689284358184e-06
 841  3.8692878966730614e-06
 470  4.0101330352398861e-06
 364  4.0296442065487291e-06
 837  4.0382643529307412e-06
 463  4.0699198004725779e-06
 362  4.0874225357247088e-06
 359  4.4946142853068082e-06
 542  4.6684765687694371e-06
 835  4.8109526695614544e-06
 349  5.2277735857250733e-06
 347  6.0236366703645652e-06
 871  6.0496445091012052e-06
 869  6.1716140659489590e-06
 744  6.9689703268535465e-06
 848  7.0447367387947902e-06
 828  7.1185109998556620e-06
 447  7.1319875607846281e-06
 724  7.2476632355998897e-06
 840  7.3852930509968039e-06
 713  7.5819825268368515e-06
 358  7.6769231765301998e-06
 836  7.7274750427438982e-06
 825  8.0428823968883578e-06
 709  8.1214485003402286e-06
 834  8.1995643382288838e-06
 823  8.4060113774734979e-06
 462  9.7693551397234839e-06
 707  9.8507903505843686e-06
 348  1.0173785016008668e-05
 346  1.0384380572907284e-05
 689  1.1480211015912084e-05
 681  1.1645802158488597e-05
 343  1.2007193727377465e-05
 677  1.2076048662878327e-05
 868  1.2091381311419754e-05
 335  1.2162655273157144e-05
 736  1.3650260963628280e-05
 505  1.3987303240602948e-05
 675  1.4094022918316588e-05
 720  1.4101678924829438e-05
 824  1.4408262502729794e-05
 712  1.4745710485410486e-05
 821  1.4757485193607914e-05
 809  1.5723866355551171e-05
 708  1.5741597539341989e-05
 805  1.6322689552373934e-05
 706  1.7316075739220181e-05
 342  1.9210658440994877e-05
 803  1.9789243787994061e-05
 665  1.9935151167500011e-05
 661  2.0610751348356471e-05
 317  2.0722497178454404e-05
 688  2.2025325928743775e-05
 680  2.2361656577738913e-05
 676  2.3135954768481864e-05
 820  2.3681457858070528e-05
 659  2.3991815976351735e-05
 792  2.4252003689803560e-05
 315  2.4288549098406028e-05
 674  2.4647089909685480e-05
 625  2.5595128566667462e-05
 617  2.6165294855962516e-05
 613  2.7287659691879402e-05
 808  3.0333462712290259e-05
 790  3.1183565686661037e-05
 804  3.1519467322303163e-05
 611  3.2404441375699664e-05
 798  3.2949769482717019e-05
 802  3.3160070754807145e-05
 797  3.4836197556094371e-05
 653  3.7622902948535054e-05
 664  3.8232333024385930e-05
 504  3.8850168128024255e-05
 311  3.9388967867107813e-05
 660  3.9425459633970007e-05
 316  4.0358610737357059e-05
 658  4.1609191490959219e-05
 314  4.1761579829113904e-05
 651  4.3326514221044365e-05
 303  4.4053321671971679e-05
 334  4.5841115388637722e-05
 796  4.7390346296837253e-05
 624  4.9339952259771690e-05
 431  4.9877916912787020e-05
 601  4.9888654198183778e-05
 616  5.0484701229701272e-05
 597  5.2027654084776577e-05
 612  5.2474189943465713e-05
 610  5.6255602779364653e-05
 595  6.1058282206956653e-05
 647  7.0057067498426265e-05
 652  7.1735248117179936e-05
 310  7.5006838904236652e-05
 650  7.5133724372388041e-05
 127  8.7186106730510296e-05
 589  8.9013406033437581e-05
 600  9.5777143950793032e-05
 497  9.8210013036648119e-05
 596  9.9492848836968327e-05
 785  1.0393807682079195e-04
 786  1.0432121125408425e-04
 594  1.0536150934146168e-04
 587  1.0571764502930347e-04
 779  1.0772530669233899e-04
 569  1.1193588196627684e-04
 565  1.1954887873447797e-04
 253  1.2151678636775826e-04
 646  1.3490633403797310e-04
 784  1.3519193267630416e-04
 494  1.3804729993522350e-04
 251  1.4587712132783305e-04
 563  1.4983011956056172e-04
 493  1.5274238284257655e-04
 302  1.5561946141501841e-04
 430  1.5781494028242041e-04
 583  1.6130701259384602e-04
 588  1.6968675614892532e-04
 489  1.7151674332906936e-04
 586  1.8033825515164116e-04
 496  1.8986709083578288e-04
 557  1.9034604541637643e-04
 287  2.0121707269764015e-04
 568  2.1536687898748784e-04
 247  2.1938813233854322e-04
 564  2.2890137246059979e-04
 555  2.3524208065512424e-04
 252  2.3615334927237040e-04
 562  2.4966756929791758e-04
 250  2.4994914652083742e-04
 487  2.5130427980749205e-04
 582  2.9142145831561965e-04
 488  3.1425967005532378e-04
 778  3.3576006910225018e-04
 473  3.4109438586221860e-04
 239  3.4207655390051028e-04
 551  3.5356151014089417e-04
 556  3.5932769119840011e-04
 485  3.7137422380732808e-04
 469  3.8195273454875843e-04
 246  3.8828951635430821e-04
 541  4.0118472765870083e-04
 554  4.0361444840795633e-04
 369  4.8388844179571598e-04
 286  5.0346226604707281e-04
 361  5.1414185596071298e-04
 467  5.2198300977675607e-04
 539  5.2916933534559907e-04
 484  5.5071264744912933e-04
 357  5.8084826818777778e-04
 897  5.9929057326231234e-04
 461  6.0784237870944275e-04
 550  6.2659257427670652e-04
 472  6.7030689021052245e-04
 960  6.9615704776760105e-04
 468  7.3417670960293220e-04
 355  7.4531444396537126e-04
 540  7.4615023290161694e-04
 876  7.7583076265015140e-04
 345  8.0853457766434677e-04
 535  8.1052862113972736e-04
 459  8.2853061243762412e-04
 870  8.5475289123584670e-04
 466  8.5624986063676260e-04
 538  8.6439946195179525e-04
 238  8.8772903080390595e-04
 368  9.3558124856304862e-04
 341  9.6159848941373743e-04
 360  9.8607743541179963e-04
 867  1.0083664064826302e-03
 833  1.0581652203430685e-03
 356  1.0960188006157894e-03
 446  1.1052623324045109e-03
 460  1.1138320687809362e-03
 896  1.2022454496720602e-03
 339  1.2738053145133173e-03
 866  1.2935804092763319e-03
 354  1.3006144411218598e-03
 455  1.3104631830104544e-03
 458  1.3540299735930364e-03
 534  1.4538778315536661e-03
 822  1.4772338584723708e-03
 344  1.5282802305024502e-03
 527  1.5674812782290376e-03
 333  1.6557991696548972e-03
 223  1.6994824246574748e-03
 819  1.7122328501357796e-03
 340  1.7768793478384784e-03
 865  1.8390661421944096e-03
 313  1.8628963245816981e-03
 832  1.9190170554492392e-03
 801  1.9237227302518960e-03
 818  2.0969752100727132e-03
 445  2.1266469656445212e-03
 705  2.1584171177933971e-03
 338  2.2305583749740402e-03
 454  2.3262146591305978e-03
 673  2.3452962661086600e-03
 331  2.4096973686750628e-03
 309  2.4617363311276964e-03
 657  2.6933534655539854e-03
 795  2.7983980360845452e-03
 817  2.8405569988176026e-03
 332  2.9884868035108922e-03
 222  3.1220577699254039e-03
 443  3.2703633085983440e-03
 649  3.2971155744272495e-03
 526  3.3617251893553616e-03
 800  3.3617933177540588e-03
 794  3.4104183134163377e-03
 312  3.4282269193299641e-03
 609  3.5348662142764349e-03
 307  3.5828339767678200e-03
 327  3.8286840994671825e-03
 330  3.9705123675348548e-03
 704  4.1186374391410027e-03
 788  4.2114316907645531e-03
 126  4.2308586730960803e-03
 429  4.3259028865392729e-03
 645  4.3262593339053173e-03
 593  4.3823680507830594e-03
 308  4.4138700579200675e-03
 672  4.4328104907763888e-03
 301  4.4553697785212959e-03
 791  4.5539522369901905e-03
 656  5.0066192479327797e-03
 442  5.3655856616427258e-03
 125  5.6382500804116392e-03
 783  5.6497189779505649e-03
 585  5.7372660863137049e-03
 306  5.9198321164103205e-03
 648  5.9864990461991011e-03
 643  6.0535114008892403e-03
 249  6.5378076967832861e-03
 608  6.6071113778245595e-03
 782  6.6475012456565039e-03
 427  6.6835994676587773e-03
 299  6.7587360284243085e-03
 326  6.9372833821751100e-03
 561  7.4056939378914274e-03
 428  7.5181571632588736e-03
 781  7.6268209538262839e-03
 644  7.6377384925432439e-03
 300  7.7131151403059305e-03
 581  7.8908645887684290e-03
 592  7.9773263894052388e-03
 124  8.8821227669426440e-03
 191  8.9263834697704252e-03
 777  9.0710936514424769e-03
 245  9.5330762349263888e-03
 584  1.0154809424192012e-02
 553  1.0161652955896423e-02
 492  1.0255177841264781e-02
 642  1.0383521860491135e-02
 426  1.0887089101092403e-02
 298  1.1133823661836250e-02
 579  1.1417579272321902e-02
 248  1.1470168368384185e-02
 285  1.1608861434607728e-02
 295  1.1981299133234787e-02
 486  1.2122879533305450e-02
 423  1.2139486849435251e-02
 560  1.3081779681632242e-02
 580  1.3585257181573378e-02
 775  1.3598386214628050e-02
 243  1.4497995952736823e-02
 190  1.4618372752496266e-02
 776  1.4675286926741790e-02
 549  1.4676341143893977e-02
 483  1.5277834199102683e-02
 244  1.6262217276242906e-02
 552  1.7463794596092562e-02
 465  1.7551568335726745e-02
 537  1.8047090626893365e-02
 283  1.8231025758783759e-02
 237  1.8869611761122149e-02
 578  1.9136451591506384e-02
 284  1.9425126976638070e-02
 482  2.0340114148738403e-02
 422  2.0783174658058047e-02
 294  2.0817059911573059e-02
 774  2.1255610584652144e-02
 547  2.1632666979205135e-02
 119  2.2365327691681369e-02
 242  2.3939007347927133e-02
 548  2.4446079499181688e-02
 353  2.5145776690869075e-02
 457  2.5915744445743343e-02
 533  2.7870944470033732e-02
 481  2.8478401486917854e-02
 464  2.9410278306210513e-02
 235  2.9447124921622575e-02
 282  2.9631462928256053e-02
 536  3.0091228863352696e-02
 415  3.0584474913743380e-02
 236  3.0977374213048126e-02
 279  3.4425021179857983e-02
 546  3.5582418539339473e-02
 337  3.6627750668683248e-02
 118  3.7111159012684115e-02
 453  3.9920797395872815e-02
 531  4.2095262983429971e-02
 456  4.2373600016213188e-02
 767  4.3132134993323155e-02
 352  4.3148361264054830e-02
 532  4.4948048203083124e-02
 234  4.7526139983855006e-02
 444  4.8478523530074279e-02
 221  4.9443621080915941e-02
 414  4.9978612379230312e-02
 525  5.2187111686903202e-02
 231  5.4774825744608797e-02
 329  5.5887866770528490e-02
 278  5.6568628966620293e-02
 451  5.9661769019763361e-02
 336  6.0727750959601187e-02
 452  6.3073783123091517e-02
 864  6.4181687762336875e-02
 530  6.7110992354072141e-02
 305  7.1934683436412045e-02
 816  7.3948285096876523e-02
 441  7.4451586699835107e-02
 219  7.6654408883851791e-02
 220  7.7585769482968789e-02
 523  7.9821798979512901e-02
 271  8.0367574650607468e-02
 524  8.1240596623158190e-02
 325  8.4552735199932547e-02
 230  8.7768349307670329e-02
 328  8.8753131891889436e-02
 789  9.1882468296877559e-02
 450  9.2902237107156505e-02
 123  1.0329191836340522e-01
 641  1.0568953471007041e-01
 440  1.1100471803839876e-01
 439  1.1126492507908582e-01
 425  1.1189902851184209e-01
 297  1.1242566434104750e-01
 304  1.1260617253395692e-01
 218  1.1808611911187095e-01
 780  1.2135736125068590e-01
 522  1.2217569181646744e-01
 323  1.2380916938756178e-01
 270  1.2393537688921923e-01
 324  1.2954829531102807e-01
 215  1.3641330930436427e-01
 519  1.3732812456206342e-01
 103  1.3852323682039810e-01
 189  1.3918657357404624e-01
 122  1.4569609961538374e-01
 577  1.5294374816747064e-01
 399  1.6236431766316492e-01
 424  1.6638857111215269e-01
 640  1.6659684488439405e-01
 296  1.6875021601413698e-01
 293  1.7057872099348864e-01
 773  1.7142647312542486e-01
 421  1.7193945524092974e-01
 437  1.7708392407881327e-01
 241  1.7842889965703837e-01
 322  1.8529275082815688e-01
 214  2.0200741340058340e-01
 121  2.0255897138561862e-01
 518  2.0260307304025549e-01
 188  2.0371547705582871e-01
 187  2.0484305681969592e-01
 281  2.0776300363651856e-01
 545  2.2463817654412202e-01
 576  2.2840218155014785e-01
 772  2.3300606679400948e-01
 117  2.4238753217371956e-01
 291  2.4246409685408160e-01
 420  2.4440198774044902e-01
 292  2.4465483832366977e-01
 419  2.4492663005308446e-01
 436  2.4635655054101321e-01
 207  2.5079835730033484e-01
 480  2.5168620671128716e-01
 240  2.5692417276689650e-01
 233  2.7244666641230508e-01
 413  2.8627178586833718e-01
 186  2.8938022648422673e-01
 280  2.9177046700378112e-01
  82  2.9909741655002059e-01
 277  3.0557025044400410e-01
 544  3.1683837560371320e-01
 183  3.1814375596106581e-01
 766  3.2117165747067855e-01
 529  3.2729647997784234e-01
 116  3.3072871837714168e-01
 115  3.3462204498149989e-01
 290  3.3499224409578077e-01
 418  3.3546053071931675e-01
 206  3.4624093922147808e-01
 232  3.6970844661273478e-01
 412  3.8192976983111299e-01
 411  3.8625759728277892e-01
 229  3.8649816033849793e-01
 449  3.9065059526022400e-01
 276  4.0587058522801989e-01
 275  4.0913363607749742e-01
 763  4.1106883680734091e-01
 182  4.2433105655753017e-01
 528  4.3316529061701547e-01
 114  4.3772005625810517e-01
 217  4.4924760042213613e-01
 521  4.5609448839317729e-01
 269  4.6369488431954198e-01
 111  4.6486380914917225e-01
 175  4.7355350071439956e-01
 410  4.9342592139806829e-01
 228  4.9472339724799835e-01
 448  4.9808737979124701e-01
 227  4.9817431148003199e-01
 438  5.1168416043525944e-01
 407  5.1918076837060578e-01
 274  5.1948424131964588e-01
 321  5.5639083740905382e-01
 216  5.5963157931268714e-01
 520  5.6607015504470770e-01
 102  5.6621303748746343e-01
 268  5.7331950533003317e-01
 110  5.7537201342131461e-01
 267  5.7909233466110555e-01
 213  5.8870615840720031e-01
 517  5.8883922954290158e-01
 174  5.9059333050598928e-01
 398  6.0605241505375695e-01
 226  6.0921456038502508e-01
 406  6.2854274367989116e-01
 159  6.3945684521749047e-01
 435  6.4435399624115752e-01
 120  6.6134183082896403e-01
 101  6.6280484751596747e-01
 320  6.6469633823713326e-01
 266  6.8475047863510941e-01
 516  6.9114614173941336e-01
 212  6.9160869923730339e-01
 185  6.9187649906064574e-01
 515  6.9545129803729899e-01
 211  6.9735118611707336e-01
 397  6.9931974237915306e-01
 263  7.0411566837212758e-01
 434  7.3350026619948583e-01
 289  7.3463029797100454e-01
 417  7.3644750949821547e-01
 158  7.4650802295648389e-01
 205  7.4714913148122930e-01
 100  7.5495949399904305e-01
  80  7.6712039314557401e-01
  95  7.6926324529476342e-01
 184  7.8117144671016903e-01
 514  7.8509064392367212e-01
 396  7.8595455539708348e-01
 210  7.8703029729986518e-01
 262  7.9447917554947711e-01
 433  8.0946382265881633e-01
 181  8.0966076548814447e-01
 416  8.1514056384254019e-01
 288  8.1547315093145878e-01
 113  8.1953572506834604e-01
 204  8.2617704356865929e-01
 203  8.3028901661122689e-01
  77  8.3635056072196157e-01
  94  8.4847590035973075e-01
 762  8.5303514005997005e-01
 409  8.5572222808686083e-01
 393  8.6827770299912888e-01
 273  8.7089589066606166e-01
 180  8.7405111739145158e-01
 179  8.7750737928464695e-01
 112  8.7943016660251561e-01
 202  8.9061163413103328e-01
  76  8.9337507697052310e-01
 199  8.9720293029747211e-01
 109  8.9964792644739344e-01
 408  9.0595388676932576e-01
 173  9.0620547719990530e-01
 225  9.1553711372191782e-01
 272  9.1720781234947202e-01
 405  9.2350139217781757e-01
 178  9.2380075756364977e-01
 108  9.3712510065525589e-01
 198  9.3795803409316092e-01
  73  9.3864033824292681e-01
 107  9.3937896059010051e-01
  63  9.4185218440010621e-01
 172  9.4278479530597736e-01
 171  9.4435717966786847e-01
 265  9.4540604251377891e-01
 224  9.4795891840769264e-01
 404  9.5320330552687527e-01
 403  9.5499710308796115e-01
 157  9.6347647142155945e-01
 106  9.6394904566643835e-01
  99  9.6640063922292785e-01
 264  9.6735270331551360e-01
 170  9.6787790006301999e-01
  62  9.6866395127363825e-01
 167  9.6949216976074282e-01
 402  9.7378928881927940e-01
 395  9.7419751518299702e-01
 513  9.7441546252620181e-01
 209  9.7481803878871565e-01
 261  9.7630469744043824e-01
 156  9.7932954765693614e-01
 155  9.7991404940273730e-01
  98  9.8033273084324357e-01
 166  9.8325860045085201e-01
  38  9.8397473658076062e-01
 394  9.8514090482808170e-01
 512  9.8521017593631521e-01
 208  9.8560330936597895e-01
  93  9.8658103862538027e-01
 260  9.8658640251678220e-01
 259  9.8723328974478963e-01
 432  9.8759446955960750e-01
  97  9.8899999813408190e-01
 154  9.8913746010252712e-01
 151  9.8964345986546520e-01
  92  9.9272370319611214e-01
  91  9.9300565845310063e-01
 258  9.9301377438231642e-01
 201  9.9310128211129622e-01
  75  9.9329755557454569e-01
 392  9.9409532871330619e-01
 391  9.9441661307871976e-01
 150  9.9462529645372533e-01
 143  9.9488697772606838e-01
 200  9.9627151073958453e-01
  90  9.9634942243182500e-01
  74  9.9637962246648748e-01
  87  9.9656515697104664e-01
 177  9.9659834929818780e-01
 390  9.9707209600508984e-01
 142  9.9739521477459414e-01
 197  9.9771152455607792e-01
 176  9.9819785422175367e-01
  83  9.9824688585123633e-01
 387  9.9852302752656263e-01
  72  9.9871924074574026e-01
 196  9.9880805504537262e-01
  71  9.9887155272816552e-01
 195  9.9888687762159512e-01
 105  9.9922321426683214e-01
 169  9.9938553243633343e-01
  61  9.9941285472723718e-01
 194  9.9941935963719808e-01
  70  9.9943977582776411e-01
 401  9.9958849791674398e-01
 104  9.9960081067677820e-01
 168  9.9968816777915792e-01
  60  9.9971496041663999e-01
  67  9.9974938675983749e-01
  59  9.9975752001484131e-01
 400  9.9978919230493435e-01
 165  9.9983801370150749e-01
  58  9.9987694140928185e-01
  55  9.9989957603773461e-01
 164  9.9991859383202186e-01
  36  9.9992626006873420e-01
 163  9.9992963796935230e-01
 153  9.9993459477568691e-01
  54  9.9994505880159223e-01
  47  9.9995197415554726e-01
  96  9.9995669983083479e-01
 162  9.9996109122450116e-01
  34  9.9996560136581503e-01
 152  9.9996663963305255e-01
 257  9.9997121083833163e-01
  39  9.9997565136558386e-01
  29  9.9998276840140121e-01
 256  9.9998392014542303e-01
 149  9.9998434822791094e-01
 148  9.9999091789220973e-01
  89  9.9999169032682145e-01
 147  9.9999256779520207e-01
  23  9.9999294739456357e-01
  86  9.9999326907876418e-01
 389  9.9999355195374173e-01
  88  9.9999455389241554e-01
 141  9.9999475153599471e-01
 145  9.9999499043692963e-01
  16  9.9999503784299892e-01
 388  9.9999537686599749e-01
 140  9.9999596831130166e-01
  85  9.9999609589528626e-01
 139  9.9999633561853674e-01
 386  9.9999643821231965e-01
 136  9.9999675808914701e-01
  81  9.9999676800555481e-01
 137  9.9999678129257208e-01
 131  9.9999697659594100e-01
 385  9.9999697755404893e-01
  79  9.9999704174128967e-01
 193  9.9999706481145290e-01
  69  9.9999710654131790e-01
 192  9.9999711123883195e-01
  68  9.9999713729006190e-01
  66  9.9999714138673323e-01
  65  9.9999716054602428e-01
  57  9.9999716112551251e-01
  46  9.9999716142313200e-01
  56  9.9999716182300724e-01
  53  9.9999716196522048e-01
 161  9.9999716200563216e-01
  52  9.9999716206894496e-01
  28  9.9999716207274680e-01
 160  9.9999716207703060e-01
  51  9.9999716209793976e-01
  49  9.9999716209982092e-01
  45  9.9999716210595424e-01
  48  9.9999716210769962e-01
  50  9.9999716210890310e-01
  32  9.9999716211435719e-01
 130  9.9999716211482992e-01
 128  9.9999716211491574e-01
 129  9.9999716211491596e-01
  44  9.9999716211634893e-01
  33  9.9999716211741063e-01
 146  9.9999716211846290e-01
  22  9.9999716211951106e-01
  37  9.9999716212202250e-01
 144  9.9999716212229650e-01
  78  9.9999716212314871e-01
  35  9.9999716212328982e-01
 138  9.9999716212346890e-01
  26  9.9999716212481393e-01
 134  9.9999716212498868e-01
  24  9.9999716212499956e-01
  25  9.9999716212499978e-01
  27  9.9999716212500345e-01
 135  9.9999716212500966e-01
 133  9.9999716212506751e-01
 132  9.9999716212506828e-01
  19  9.9999716212539425e-01
  17  9.9999716212540735e-01
  18  9.9999716212541079e-01
  21  9.9999716212548340e-01
  20  9.9999716212550904e-01
  31  9.9999716212578671e-01
  30  9.9999716212583301e-01
  41  9.9999716212657264e-01
  40  9.9999716212657330e-01
  42  9.9999716212670353e-01
  43  9.9999716212670386e-01
  84  9.9999716212712264e-01
  64  9.9999716212764689e-01
   0  9.9999716212766354e-01
   1  9.9999716212766354e-01
   2  9.9999716212766410e-01
   3  9.9999716212766410e-01
  14  9.9999716212768519e-01
  12  9.9999716212768730e-01
  13  9.9999716212768830e-01
  11  9.9999716212769474e-01
  10  9.9999716212769751e-01
  15  9.9999716212769774e-01
   9  9.9999716212771217e-01
   6  9.9999716212771317e-01
   7  9.9999716212771339e-01
   8  9.9999716212771372e-01
   4  9.9999716212771461e-01
   5  9.9999716212771461e-01
 384  9.9999716212871825e-01
