0 0 2 0 1 0 2 0 2 0 1 0 1 0 2 0 2 0 1 0 1 0 0 2 0 2 0 2 0 2 0 2 0 2 0 2 0 2 0 2 0 0 1 0 0 2 0 0 1 0 2 0 1 0 0 2 0 2 0 2 0 2 0 
0 0 2 0 0 2 0 2 0 2 0 1 0 2 0 2 0 2 0 2 0 0 2 0 2 0 1 0 1 0 2 
2 0 2 0 2 0 0 2 0 2 0 2 0 1 0 
0 2 0 2 0 2 0 
0 1 0 
2 
 127  5.4630482321815102e-12
 126  1.5595595779758213e-07
 125  1.5855314217092544e-07
 120  2.2782181988591170e-07
 124  3.2660727480885288e-07
 117  1.5468954203473117e-06
 103  1.5498894773539855e-06
 116  1.1767359751075005e-05
  83  3.1287475237253440e-05
 112  1.0003871035283441e-04
 123  1.3864885208518277e-04
 122  1.4504164265498256e-04
 121  1.5650184544857684e-04
 102  2.0202652085665645e-04
 118  2.1195812353417304e-04
 113  3.9142680863569888e-04
 115  5.6527789517810210e-04
 101  6.0600320709353766e-04
 109  6.1633975982872959e-04
  99  1.2433109120973036e-03
  73  3.1014734002729918e-03
  82  3.1463180116388105e-03
  81  3.9732030700588561e-03
  95  5.6654469293929066e-03
  87  5.9209685021245967e-03
 119  8.8165309412897904e-03
 100  9.2427954679599380e-03
 114  9.4552481734894913e-03
  76  9.7964780694164370e-03
  98  1.2985388761906755e-02
 110  1.4858571491464714e-02
 111  1.7111558615661035e-02
 107  2.1542738864782231e-02
 108  2.3015712145499068e-02
 106  3.3697595355959245e-02
  97  3.8997330111284458e-02
  72  3.9285192596464569e-02
  80  5.4699778027783155e-02
  68  7.1082530169084321e-02
  49  7.2019835884927080e-02
  93  8.8194505477575041e-02
  86  1.0944547471157982e-01
  94  1.1191638419664193e-01
  69  1.1917110371800109e-01
  74  1.4312007284796219e-01
  43  1.4331267314411414e-01
  85  1.5565914938438266e-01
  92  1.7746480409837792e-01
  96  1.9139271723266116e-01
  65  2.0916447945597491e-01
 105  2.2329345443818735e-01
  71  2.4162595199051143e-01
  79  2.6931291737013002e-01
 104  2.9843978855626718e-01
  48  4.1743324509485952e-01
  66  4.3325207407099986e-01
  42  4.5659778523243472e-01
  91  4.9181890168444586e-01
  64  5.0556953369446844e-01
  45  5.1714328855314284e-01
  67  5.3774776322872286e-01
  57  5.7431799949748141e-01
  84  5.9289746125395359e-01
  89  6.3622641765483923e-01
  41  6.3882920686977240e-01
  70  6.6460675953136905e-01
  90  6.6894182791563561e-01
  60  7.1518247946122482e-01
  78  7.2261203998811485e-01
  63  7.6987062813488705e-01
  34  7.8419578775798160e-01
  35  7.8628396458813410e-01
  77  7.9022159596582420e-01
  61  8.0132030080246586e-01
  39  8.5274872907003674e-01
  27  8.7181529338759023e-01
  44  9.0795127823779043e-01
  40  9.1002391780049741e-01
  56  9.2103549835452458e-01
  15  9.2715697544096309e-01
  62  9.4047613154773269e-01
  88  9.5129254323884704e-01
  53  9.5820542914355522e-01
  58  9.7192682100671424e-01
  38  9.7567172820701775e-01
  52  9.7627971920183454e-01
  32  9.8445911317217094e-01
  75  9.8498226357728913e-01
  33  9.8825794727019034e-01
  59  9.8836336010204173e-01
  30  9.9184970664288996e-01
  26  9.9198634593632851e-01
  37  9.9557584558326606e-01
  55  9.9601193972689472e-01
  31  9.9628697838918157e-01
  25  9.9701860777351492e-01
  14  9.9821690400968555e-01
  19  9.9865137293493966e-01
  13  9.9913250747704729e-01
  11  9.9962372256657750e-01
  51  9.9966632893265273e-01
   7  9.9982926681644591e-01
  50  9.9983491070507413e-01
  36  9.9985743271137750e-01
  23  9.9990523771827411e-01
  54  9.9994109572666956e-01
  47  9.9994203000310111e-01
  28  9.9998205745633340e-01
  24  9.9999184720121159e-01
  29  9.9999822179298736e-01
  22  9.9999912910995792e-01
  18  9.9999927663573029e-01
  12  9.9999959543107697e-01
  17  9.9999973668950581e-01
  10  9.9999979312076592e-01
   6  9.9999983766193878e-01
   9  9.9999984263065689e-01
  46  9.9999984451678581e-01
   5  9.9999984585711943e-01
   3  9.9999984616572235e-01
  21  9.9999984628389504e-01
  20  9.9999984646439677e-01
  16  9.9999984647203355e-01
   4  9.9999984647293760e-01
   1  9.9999984647329843e-01
   0  9.9999984647329954e-01
   8  9.9999984647348950e-01
   2  9.9999984647349138e-01
