0 2 0 0 1 0 1 0 1 0 1 0 0 2 0 0 2 0 2 0 0 2 0 1 0 2 0 0 1 0 1 0 2 0 0 2 0 2 0 0 1 0 0 2 0 0 1 0 1 0 2 0 1 0 2 0 0 0 2 0 0 0 2 
0 2 0 2 0 0 2 0 2 0 1 0 1 0 2 0 2 0 1 0 2 0 0 2 0 2 0 2 0 1 0 
0 2 0 2 0 0 2 0 2 0 2 0 1 0 1 
0 1 0 2 0 2 0 
0 2 0 
1 
 127  7.4943628124940755e-16
 126  4.0031109026790946e-13
 125  7.6771922016395816e-13
 123  9.7355631446924121e-13
 121  2.1639379845204096e-12
 107  2.9793462442587597e-11
  79  6.5523433177739744e-11
 113  1.0284215608458826e-10
 124  4.5433960333278800e-08
 122  4.5915756260261931e-08
 119  4.6864205591519587e-08
 112  5.9837203747880756e-08
 110  6.6112216174973058e-08
 120  9.6579105078233357e-08
 118  9.7361331400021901e-08
  77  1.3214646762356744e-07
 106  1.3730811625648155e-07
 115  1.8150086957095479e-07
 105  2.8331968856062803e-07
  78  3.8578035242424551e-07
  99  5.7066356677503331e-07
  76  6.6321049911375243e-07
 103  9.6633274332640843e-07
  91  1.1706995439196313e-06
  72  1.4877719401079601e-06
  98  1.6085732310459307e-06
 104  4.1958640980079476e-06
  63  1.3114238043504648e-05
  48  3.3056555900674766e-05
  96  4.2722323756887709e-05
 117  8.7100117958131032e-05
 116  8.9786989769182572e-05
 114  9.4733464357926001e-05
  39  1.0011560784558998e-04
 111  1.0653863042756736e-04
  75  1.2606312012292210e-04
  88  1.2839119586576851e-04
  73  1.3204120956508315e-04
 108  1.5076306101031696e-04
 102  1.5209855211203405e-04
  69  1.9470388460770085e-04
  94  2.3761553194442879e-04
  97  3.1187528767716245e-04
  74  3.3490596237967029e-04
 101  3.9662019715220047e-04
  90  4.0855412913397418e-04
  95  4.2845146458465611e-04
  89  5.0638634484373132e-04
  85  7.2688998992465103e-04
  70  8.1080433130868192e-04
  67  1.0114531717176495e-03
  62  1.6984114774542089e-03
  38  2.6975093534415632e-03
  46  3.1963731355315957e-03
  61  3.5805261363994704e-03
  45  5.3928588658025810e-03
  59  6.2335316926545817e-03
  71  7.0865178715831369e-03
 100  8.0339327411909911e-03
  44  8.2370603028583331e-03
 109  8.3636473636129957e-03
  37  8.7863001530049910e-03
  68  8.8655178434537789e-03
  66  1.1995997139721593e-02
  92  1.2523148020717880e-02
  55  1.3022923910229736e-02
  93  1.4745884193888687e-02
  35  1.5296062588339319e-02
  86  1.7186242133412858e-02
  87  2.0109783696856450e-02
  83  2.4892835827829911e-02
  84  2.6885340106654887e-02
  65  3.3063502568493434e-02
  82  3.8838501815813303e-02
  60  4.9930726197851952e-02
  23  6.3946452851968080e-02
  36  7.0512936210018237e-02
  31  7.3611599542851000e-02
  58  7.4243378075881952e-02
  43  9.7594214205911869e-02
  34  1.0548977239082757e-01
  19  1.2663956377481600e-01
  57  1.3607673470494477e-01
  42  1.3810271240018757e-01
  53  1.6647631349245301e-01
  54  1.7761749177627459e-01
  64  1.7829224834775931e-01
  41  1.9104419825218683e-01
  33  2.1526608406361172e-01
  81  2.4276191960873253e-01
  52  2.8562170278668186e-01
  80  3.1726023018768634e-01
  29  3.7776050647962134e-01
  22  3.9500451055534486e-01
  18  4.2565410336676762e-01
  30  4.3011343074957975e-01
  56  4.8818441760985132e-01
  21  4.9399383015293552e-01
  32  5.5926808565734032e-01
  28  5.7516022985580173e-01
  17  6.0856146527069488e-01
  51  6.4154290807586456e-01
  40  6.4475251421067858e-01
  11  7.6376287039431034e-01
  49  7.7311968871733805e-01
  50  7.8164460547505954e-01
  15  8.3406090812540390e-01
  10  8.4234665175562129e-01
  27  8.6327467340085107e-01
  16  8.9588989563962429e-01
  20  8.9741708935984166e-01
  25  9.1544240451342751e-01
  26  9.4295249253453972e-01
  14  9.7097586643278444e-01
  47  9.8237063112311118e-01
   9  9.8561055139313369e-01
   8  9.9212013185036296e-01
   7  9.9243478012639219e-01
  13  9.9426355048636916e-01
   5  9.9601361350176276e-01
  24  9.9763553324608711e-01
   4  9.9796622115449718e-01
  12  9.9979411246395733e-01
   6  9.9998045743126718e-01
   3  9.9999813641851343e-01
   2  9.9999887440943636e-01
   1  9.9999927845926306e-01
   0  9.9999964526548768e-01
