0 2 0 2 0 0 2 0 2 0 1 0 1 0 2 0 2 0 1 0 2 0 0 2 0 2 0 2 0 1 0 
0 2 0 2 0 0 2 0 2 0 2 0 1 0 1 
0 1 0 2 0 2 0 
0 2 0 
1 
  63  3.4017054580457282e-13
  62  2.2716295393096292e-08
  61  2.2958368940843641e-08
  56  2.9924525805829058e-08
  60  4.8290605904282384e-08
  39  1.7446212070960710e-07
  53  2.6186477058692288e-07
  52  2.1665605334473473e-06
  48  2.1820720591475711e-05
  59  4.3571217504141447e-05
  58  4.4940992720600290e-05
  57  4.7457207793999960e-05
  38  6.0837329988715973e-05
  54  7.5382578866524150e-05
  49  1.2866920586030291e-04
  37  1.6977959209325686e-04
  51  1.9292812059123140e-04
  45  1.9847466562115121e-04
  35  4.0630441231810009e-04
  31  1.4329575967313233e-03
  23  1.5763081645701075e-03
  36  3.5445621497698721e-03
  19  3.8731329045251293e-03
  50  4.0951295589882475e-03
  55  4.2336983485803739e-03
  34  4.5239827871541138e-03
  46  6.3616834753070983e-03
  47  7.5661535082742447e-03
  43  8.7870035841151571e-03
  44  9.7132217986232033e-03
  42  1.3695403522271140e-02
  33  1.5444820914717560e-02
  30  2.5873403019947738e-02
  18  3.6717495403337436e-02
  22  5.0389027513300183e-02
  29  5.7778918471487223e-02
  21  7.3141722627167935e-02
  27  9.4120257992217862e-02
  32  9.6204264267155656e-02
  17  1.0066737480268344e-01
  41  1.3098175350158811e-01
  40  1.7937860008022841e-01
  11  2.2833163124604774e-01
  15  2.5046360121955247e-01
  28  2.9308470612915555e-01
   9  3.3460302896792060e-01
  16  3.4524641568947184e-01
  26  3.8923591004132513e-01
  20  4.1695950084519490e-01
  25  5.4617439273143287e-01
  14  6.0429508117112696e-01
   8  6.9102073767520300e-01
  10  6.9526068153904463e-01
  13  7.7411387592209169e-01
   5  8.7202176731611059e-01
  24  8.7754522634964183e-01
   7  9.1233779278659854e-01
   4  9.1954353219978957e-01
  12  9.5646649257916494e-01
   6  9.8699119276766090e-01
   3  9.9616567424881042e-01
   2  9.9797384661143163e-01
   1  9.9896153564922774e-01
   0  9.9999945626116604e-01
