0 0 0 0 0 0 0 0 0 0 0 0 0 0 0 0 0 0 0 0 0 0 0 0 0 0 0 0 0 0 0 0 0 0 0 0 0 0 0 0 0 0 0 0 0 0 0 0 0 0 0 0 0 0 0 2 0 0 1 0 2 0 2 0 0 0 0 0 0 0 0 0 0 0 0 0 0 0 0 0 0 0 0 0 0 0 0 0 0 0 2 0 0 0 2 0 0 0 0 0 0 0 0 0 2 0 1 0 0 0 2 0 2 0 2 0 2 0 2 0 2 0 0 0 0 0 2 0 0 0 0 0 0 0 0 0 0 0 0 0 0 2 0 2 0 0 0 0 0 0 2 0 0 2 0 2 0 2 0 2 0 0 0 0 0 0 0 0 0 0 0 0 0 0 0 0 0 0 0 0 0 2 0 2 0 0 1 0 1 0 2 0 0 0 0 2 0 0 2 0 0 0 2 0 2 0 2 0 0 1 0 0 2 0 0 0 2 0 1 0 0 2 0 0 0 0 0 0 2 0 0 0 2 0 0 2 0 2 0 2 0 0 2 0 0 2 0 2 0 0 0 0 2 0 2 0 0 0 2 0 2 0 2 0 2 0 2 0 2 0 2 0 2 0 2 0 2 0 2 0 2 0 0 2 0 2 0 2 0 0 0 2 0 0 2 0 0 2 0 0 0 0 2 0 1 0 2 0 2 0 1 0 0 2 0 2 0 2 0 2 0 2 0 1 0 2 0 2 0 2 0 1 0 2 0 2 0 2 0 2 0 0 1 0 2 0 0 0 0 2 0 2 0 2 0 2 0 0 2 0 2 0 0 2 0 2 0 0 0 0 0 0 0 0 0 0 1 0 0 0 2 0 0 2 0 2 0 2 0 0 2 0 2 0 2 0 1 0 0 0 0 0 2 0 2 0 0 2 0 0 2 0 2 0 2 0 2 0 2 0 2 0 2 0 0 0 2 0 2 0 2 0 0 0 0 0 0 2 0 0 2 0 2 0 0 0 2 0 2 0 1 0 2 0 2 0 2 0 0 2 0 0 0 2 0 0 2 0 0 0 2 0 2 0 1 0 0 2 0 0 2 0 2 0 0 2 0 2 0 2 0 2 0 0 1 0 1 0 1 0 2 0 0 2 0 2 0 2 0 0 1 0 1 0 0 2 0 2 0 2 0 2 0 2 0 2 0 2 0 2 0 1 0 1 0 2 0 2 0 2 0 1 0 2 0 2 0 2 0 2 0 2 0 2 0 2 0 2 0 2 0 2 0 2 0 1 0 2 0 0 1 0 2 0 2 0 2 0 0 2 0 0 2 0 0 2 0 2 0 0 2 0 0 2 0 2 0 2 0 0 0 0 2 0 0 2 0 2 0 1 0 2 0 1 0 2 0 0 1 0 0 2 0 2 0 2 0 2 0 1 0 2 0 2 0 2 0 0 2 0 1 0 0 2 0 0 2 0 1 0 1 0 2 0 2 0 0 2 0 0 1 0 1 0 2 0 2 0 0 2 0 2 0 0 2 0 2 0 2 0 1 0 1 0 2 0 1 0 2 0 1 0 2 0 0 2 0 2 0 0 0 2 0 2 0 0 2 0 2 0 2 0 2 0 1 0 0 2 0 2 0 1 0 2 0 1 0 2 0 2 0 2 0 2 0 0 2 0 1 0 1 0 2 0 1 0 2 0 2 0 1 0 1 0 1 0 1 0 0 2 0 2 0 0 1 0 1 0 0 2 0 0 2 0 2 0 1 0 1 0 2 0 2 0 1 0 0 2 0 2 0 0 1 0 1 0 2 0 1 0 1 0 2 0 2 0 0 0 1 0 0 2 0 2 0 0 0 0 0 0 1 0 0 0 2 0 0 0 0 2 0 0 0 1 0 2 0 2 0 0 2 0 1 0 2 0 0 2 0 0 2 0 1 0 1 0 1 0 0 2 0 0 1 0 2 0 0 2 0 0 1 0 2 0 2 0 0 0 0 0 2 0 0 2 0 0 2 0 1 0 0 0 1 0 0 2 0 2 0 0 2 0 0 0 1 0 0 0 0 0 2 0 1 0 1 0 2 0 0 0 2 0 0 0 1 0 0 0 0 0 2 0 2 0 2 0 0 2 0 0 0 0 0 0 1 0 1 0 1 0 2 0 1 0 2 0 1 0 2 0 2 0 0 0 0 0 0 0 1 0 1 0 1 0 0 0 0 0 0 0 1 0 0 0 1 0 0 0 1 0 0 0 0 0 0 0 0 0 0 0 1 0 2 0 0 0 0 0 2 0 2 0 0 0 0 0 0 0 0 0 0 0 0 
0 0 0 0 0 0 0 0 0 0 0 0 0 0 0 0 0 0 0 0 0 0 0 0 0 0 0 0 0 0 2 0 0 0 0 0 0 0 0 0 2 0 2 0 0 0 2 0 0 0 0 0 2 0 1 0 2 0 2 0 2 0 0 0 2 0 0 0 0 0 1 0 0 0 2 0 2 0 2 0 0 0 0 0 0 0 1 0 0 0 0 0 2 0 2 0 0 0 2 0 2 0 2 0 0 2 0 0 1 0 2 0 0 2 0 2 0 0 2 0 1 0 2 0 0 0 1 0 2 0 1 0 2 0 2 0 2 0 0 2 0 2 0 0 0 0 2 0 0 0 2 0 2 0 1 0 2 0 2 0 2 0 2 0 1 0 0 2 0 2 0 2 0 2 0 2 0 1 0 2 0 1 0 0 0 0 0 0 0 1 0 2 0 1 0 2 0 2 0 1 0 2 0 0 2 0 2 0 2 0 2 0 2 0 2 0 0 2 0 0 2 0 2 0 0 2 0 2 0 1 0 0 1 0 2 0 1 0 1 0 2 0 2 0 2 0 0 2 0 2 0 0 2 0 0 2 0 1 0 2 0 2 0 2 0 0 1 0 0 2 0 2 0 2 0 1 0 1 0 1 0 2 0 2 0 2 0 2 0 2 0 2 0 2 0 0 0 2 0 0 0 2 0 2 0 1 0 2 0 0 1 0 2 0 0 2 0 2 0 2 0 2 0 2 0 0 2 0 1 0 0 2 0 0 0 2 0 0 0 2 0 0 2 0 2 0 1 0 1 0 0 2 0 0 2 0 2 0 0 2 0 2 0 1 0 2 0 0 2 0 1 0 0 2 0 2 0 0 2 0 1 0 1 0 1 0 1 0 1 0 2 0 2 0 2 0 0 2 0 2 0 2 0 0 1 0 2 0 0 0 0 2 0 0 2 0 1 0 2 0 2 0 1 0 0 2 0 0 2 0 0 2 0 2 0 2 0 2 0 0 1 0 0 2 0 0 1 0 2 0 2 0 0 0 0 0 1 0 2 0 2 0 0 0 0 0 2 0 2 0 0 0 1 0 2 0 2 0 1 0 0 0 0 0 1 0 1 0 2 0 1 0 1 0 0 0 0 0 0 0 1 0 2 0 2 0 0 0 0 0 0 
0 0 0 0 0 0 0 0 0 0 0 0 1 0 2 0 0 0 0 2 0 0 2 0 0 2 0 0 2 0 0 1 0 0 0 0 0 0 2 0 0 0 2 0 2 0 2 0 0 0 2 0 2 0 1 0 0 0 2 0 2 0 1 0 2 0 0 2 0 0 1 0 2 0 2 0 2 0 0 2 0 2 0 2 0 2 0 2 0 2 0 0 0 1 0 2 0 2 0 2 0 2 0 0 2 0 2 0 0 2 0 2 0 2 0 2 0 2 0 2 0 2 0 1 0 2 0 2 0 2 0 2 0 0 2 0 2 0 1 0 0 2 0 2 0 2 0 0 1 0 0 2 0 1 0 2 0 1 0 2 0 1 0 2 0 1 0 2 0 2 0 2 0 2 0 2 0 2 0 2 0 0 2 0 2 0 1 0 0 2 0 0 2 0 2 0 2 0 1 0 1 0 1 0 0 2 0 0 0 2 0 2 0 0 1 0 0 1 0 0 1 0 0 2 0 2 0 0 1 0 2 0 0 2 0 0 2 0 1 0 2 0 0 2 0 0 1 0 2 0 1 0 2 0 0 
0 0 0 2 0 0 2 0 0 0 2 0 0 2 0 2 0 0 2 0 2 0 1 0 2 0 1 0 1 0 0 2 0 0 2 0 0 2 0 2 0 2 0 2 0 0 0 0 2 0 2 0 2 0 2 0 1 0 1 0 2 0 0 2 0 2 0 2 0 0 2 0 1 0 0 2 0 2 0 2 0 1 0 1 0 2 0 1 0 1 0 2 0 2 0 0 1 0 0 2 0 2 0 0 1 0 0 2 0 0 2 0 1 0 1 0 1 0 0 2 0 2 0 2 0 0 0 
0 0 2 0 1 0 2 0 2 0 1 0 1 0 2 0 2 0 1 0 1 0 0 2 0 2 0 2 0 2 0 2 0 2 0 2 0 2 0 2 0 0 1 0 0 2 0 0 1 0 2 0 1 0 0 2 0 2 0 2 0 2 0 
0 0 2 0 0 2 0 2 0 2 0 1 0 2 0 2 0 2 0 2 0 0 2 0 2 0 1 0 1 0 2 
2 0 2 0 2 0 0 2 0 2 0 2 0 1 0 
0 2 0 2 0 2 0 
0 1 0 
2 
1999  0.0000000000000000e+00
2015  0.0000000000000000e+00
2039  0.0000000000000000e+00
1887  3.4639066912537728e-36
2014  1.5248747963845629e-31
2031  2.7409609778394348e-31
2047  9.1494674902356318e-31
1663  9.6355740880693477e-30
1879  1.3997072318482909e-29
1998  3.6175655201838352e-29
1935  6.6382479749103087e-29
2035  9.6928777081156145e-29
1983  6.7243043038546235e-28
2043  1.9932908545354995e-27
1959  1.0184644306342530e-26
1855  2.1079232103123626e-25
1967  3.1932263298243875e-25
2038  8.6459038824656236e-25
1903  1.0754451109698735e-24
2023  3.7376194655838601e-24
1651  5.0128774362865151e-24
1995  5.7073634847048030e-24
1655  1.4920276331930664e-23
1815  3.2895263476093823e-23
1997  3.8106776237812100e-23
1886  7.4892148895395700e-23
1639  1.6555962236781372e-22
2045  2.0356057556168485e-22
1934  3.1146947515817399e-22
1883  3.6599264294687939e-22
2046  1.6284787571915777e-21
1987  4.7359929134172464e-21
1863  6.0184194924126173e-21
1662  6.3953433738879021e-21
1823  6.6786783397959199e-21
2013  1.0103332741031958e-20
1885  1.4656856539447556e-20
2007  1.9881115376145725e-20
1933  9.7092469675399627e-20
1759  1.7482379933899711e-19
2030  2.1339374052277988e-19
2027  2.1348854440828074e-19
1351  3.0099584737558790e-19
2037  8.8465174085878755e-19
2029  8.8562545994791714e-19
2044  9.9320347932244042e-19
2042  1.2913649720983355e-18
2041  1.6246258449392379e-18
1991  2.5777178798171122e-18
1966  2.6877902860218227e-18
1660  2.8829070081572500e-18
2034  3.1012873920236908e-18
1871  3.3452963222574901e-18
2033  4.9817859098017441e-18
2022  5.7237671213375934e-18
2036  6.2069465789916054e-18
2019  9.8286044180050891e-18
2025  1.2601230376167729e-17
1611  1.3397786190532142e-17
2011  1.3997133168429718e-17
2006  1.5832016438514248e-17
1878  2.3240377298986519e-17
2012  3.5433866194668178e-17
2009  3.5567551316870674e-17
2003  4.9751682894906592e-17
1319  5.0139224532744199e-17
2026  6.0990372048236752e-17
2028  6.4330092213442490e-17
1811  8.5750838674164753e-17
1876  9.3999580492376274e-17
1965  9.8497781049108599e-17
2040  1.0296798276941293e-16
1996  1.2070757792430053e-16
1877  1.5338151418328448e-16
1643  1.7111542161016110e-16
1884  2.0697619167577854e-16
1943  2.3006100013205473e-16
1963  2.7851005681763335e-16
1923  3.0063145303177686e-16
2021  4.2729769552165620e-16
1927  5.4448629646653549e-16
1982  7.0077275373796804e-16
1981  7.0090293074255583e-16
1331  8.4100926917479368e-16
2010  8.8795656868363181e-16
1895  1.1204183375230522e-15
1902  1.2824755623549325e-15
1975  1.4769067386069351e-15
1347  1.5189044947444178e-15
1979  1.7335344309462735e-15
2005  1.7483628720930327e-15
1958  1.8957756755261807e-15
1932  2.6623819821172440e-15
1899  2.6687773531786437e-15
1994  2.7732434543261576e-15
1993  4.6482518775370873e-15
1183  4.8152686168767949e-15
1661  5.5092549384538319e-15
1650  5.7842164306874731e-15
1615  6.0143088122966359e-15
1957  6.3833195659725060e-15
1854  7.6270303201143276e-15
1335  1.1292147286682340e-14
1951  1.1927207537320341e-14
1631  1.4110865403299576e-14
1799  2.4988140556183778e-14
1870  2.6289045739029953e-14
1851  2.9814989474810165e-14
1919  3.5101332050013456e-14
1931  3.9236482348662700e-14
1535  4.0750126616816867e-14
1882  4.6671645633081120e-14
1583  7.0500193740966294e-14
1814  8.5140041478077416e-14
1839  8.9295203887669868e-14
1901  9.1991185791977072e-14
1813  1.8864176314076947e-13
1847  2.1581175358514483e-13
1783  2.4734003542496014e-13
1853  2.8687658270798174e-13
1990  3.2091380061076117e-13
1989  4.7494830470824918e-13
1881  5.8330459366056824e-13
1758  9.0152385553953221e-13
1875  1.0290227455801841e-12
1654  1.3218765674738815e-12
1653  1.3325218621633449e-12
1649  1.3842547089955009e-12
1819  1.4102742299868451e-12
1955  1.5578458715900175e-12
1647  1.6139498225598108e-12
1648  1.6700764608760434e-12
1807  2.7561199529508361e-12
1330  2.8900726760298806e-12
1317  3.5047582043149847e-12
1638  4.0388981704968637e-12
1637  4.0979966656158268e-12
1992  4.1073757757367301e-12
1629  4.7408859945334337e-12
1822  4.8555663172150975e-12
1350  6.8320641426487431e-12
1753  7.1130459135338202e-12
1635  8.1196308001412559e-12
1797  8.4849683413279400e-12
1956  9.5083378676911878e-12
1755  1.0350181295662801e-11
1986  1.2834736204676826e-11
1985  1.3510735399754541e-11
1873  1.4359377747536595e-11
1659  1.9204975152455340e-11
1610  1.9488633283162217e-11
1869  2.1182972444718132e-11
1747  2.4427049154289708e-11
1867  2.6566299768949981e-11
1757  2.8418579398850957e-11
1874  3.3639284433141915e-11
1657  3.9709729830149205e-11
1711  4.3860135977634205e-11
1603  4.5620151890528084e-11
1988  4.7105363920546948e-11
1595  5.4528577988550998e-11
1316  5.4639438216486333e-11
1862  6.8879727209267211e-11
1415  6.9098340733940372e-11
1861  7.3702084134784818e-11
1235  7.7254199191314279e-11
1567  8.1928468835660987e-11
1737  8.4753976943925730e-11
1323  8.5171130024584681e-11
2032  8.7408745319014137e-11
2024  8.7682527807794129e-11
2020  8.7877377217683580e-11
2018  8.8266510610680858e-11
2017  8.9044618833665567e-11
1953  9.5303711207858687e-11
1796  1.0328491980004648e-10
1628  1.0981938547649169e-10
1329  1.1025197611090698e-10
1859  1.3769462634880719e-10
1930  1.4223367591483913e-10
2008  1.6836231857851723e-10
2004  1.6856513593352239e-10
2002  1.6896701814184259e-10
2001  1.6977456960562715e-10
1177  2.4821471424952615e-10
1954  2.7776413099339974e-10
1821  2.8676044335356799e-10
1929  3.1300945542073476e-10
1978  3.3819941779603059e-10
1977  3.3906134935171176e-10
1658  3.5707391576974895e-10
1303  3.7503278651973453e-10
1872  5.8225965279706772e-10
1973  6.7611443174316510e-10
1980  7.1970692810210053e-10
1318  7.5751180313196394e-10
1964  7.7647207660823923e-10
1962  7.7853248508232836e-10
1961  7.8208596387457068e-10
1974  1.0778199780682752e-09
1614  1.1758175812055183e-09
1327  1.4475153818201374e-09
1602  1.5350057782130373e-09
1949  1.5439283037157010e-09
1609  1.5924378409124793e-09
1624  1.6291921367662336e-09
1971  1.7835459704536008e-09
1984  1.8968095930226112e-09
1820  2.1362857442119449e-09
1179  2.1637352914188543e-09
1642  2.2079140699544176e-09
1641  2.2237950289912244e-09
1299  2.2509237160543294e-09
1176  2.2518654380578907e-09
1810  2.4361296246110194e-09
1809  2.4361348214519968e-09
1511  2.4824230388332912e-09
1926  2.5987338548209899e-09
1349  2.7390757768457674e-09
1172  2.8939074820465502e-09
1942  2.9494525848164621e-09
1941  2.9626384605374331e-09
1736  2.9789179404546509e-09
1950  3.0717709309646128e-09
1900  3.2437474266824420e-09
1898  3.2603165007866817e-09
1897  3.2927066160047083e-09
1534  3.3835820489345246e-09
1533  3.4599747871347510e-09
1348  3.4606390750337186e-09
1925  3.5836178932620868e-09
1328  3.6272396481177922e-09
1880  3.7702447761537448e-09
1608  3.9045854394773083e-09
1792  4.4880707036281734e-09
1630  4.5986627735563142e-09
1947  4.6826899178886527e-09
1527  5.0774598878834145e-09
1850  5.2976229859802187e-09
1849  5.3645851205334283e-09
1582  5.7339625427624342e-09
1939  6.0288499721609965e-09
1894  6.4877322856221234e-09
1893  6.5219427684054936e-09
1531  6.8267161918820637e-09
1918  6.9188150078753405e-09
1656  6.9297438453841412e-09
1917  6.9719633506607777e-09
1798  7.0453314166441372e-09
1756  8.1769554573361301e-09
1105  8.6285524335613449e-09
1952  9.0816617432814740e-09
1845  1.0468583633422898e-08
1911  1.1195325695826111e-08
1812  1.1911991113193501e-08
 803  1.1928405175634587e-08
1311  1.2342175447149935e-08
1345  1.2491783069529570e-08
1891  1.3119118781205022e-08
1346  1.3203235523530888e-08
1411  1.3534298875994277e-08
1915  1.4190009446133866e-08
1182  1.4663697241368878e-08
1922  1.6995811482922525e-08
1921  1.7057771875016053e-08
1928  1.7324670178273243e-08
1837  2.3236224196524438e-08
1733  2.4191283412006033e-08
1334  2.6641017751867094e-08
1852  2.6907236290134926e-08
1399  3.1346636179557690e-08
1414  3.2887096011081540e-08
1607  3.9926633839067611e-08
1613  4.0387653330359607e-08
1868  4.1768326305636955e-08
1866  4.1787622720419291e-08
1383  4.2483843481333108e-08
1782  4.7189739848613048e-08
1838  4.9078753378815358e-08
1636  5.4356443021197826e-08
1634  5.5797739398980471e-08
1633  5.6376121136169358e-08
1581  6.7231653661731018e-08
1234  6.8605131305348241e-08
1805  7.4776576547107639e-08
1746  7.5161975494830848e-08
1228  7.9636747978904326e-08
1806  8.5498550922640113e-08
1397  8.5948520750839230e-08
1781  8.8930245497554980e-08
1751  9.9557982764460825e-08
1525  1.0314862172989525e-07
1576  1.0399735048913344e-07
1846  1.1234767501608803e-07
1779  1.1790507674734877e-07
1924  1.2158269996841873e-07
1843  1.2453348498840323e-07
1600  1.3275316607141612e-07
1233  1.3417140914639611e-07
1580  1.4213000319053421e-07
1808  1.4780211016347574e-07
1225  1.4882723398829135e-07
1831  1.4979188059200981e-07
1745  1.5229630086769005e-07
1793  1.6829337983409283e-07
1803  1.7049137008488893e-07
1731  1.7446235388960279e-07
1645  1.7714851537454006e-07
1646  1.7910084949796823e-07
1752  1.8383474174573497e-07
1750  1.8701167886914001e-07
1625  1.9308474061197770e-07
1627  1.9936956310807825e-07
1771  2.0768337952830908e-07
1487  2.2139768854930085e-07
1818  2.3051576347276743e-07
1817  2.3078342072135967e-07
1587  2.3419544553562400e-07
1795  2.4232992894233096e-07
1121  2.4666573690429440e-07
1835  2.6494386860452333e-07
1652  2.9096408703232829e-07
1739  2.9835993727782100e-07
1566  3.0441097205751305e-07
1621  3.3906079706232511e-07
1789  3.4474555327931618e-07
 713  4.7304018526500648e-07
1344  4.7915667319688059e-07
1313  4.9028767400309131e-07
1920  4.9050643647377015e-07
1315  4.9325436890940365e-07
1699  5.6509084230800132e-07
1594  5.7062524214098479e-07
1593  5.8270103255139365e-07
1723  6.0906802802278580e-07
1199  6.1408220135644310e-07
1565  7.8109619716473943e-07
1754  7.8187534952181340e-07
1396  7.8806822403096081e-07
1298  7.9169602835909238e-07
1064  8.3099456812591489e-07
1743  9.1459875266989731e-07
1224  9.1982761775144780e-07
1314  9.2210236051075199e-07
1524  9.5086204416739693e-07
1180  1.0143199788549409e-06
1778  1.1717308834889570e-06
1181  1.1926700703230174e-06
1601  1.5265554282605433e-06
1173  1.5277095986161575e-06
1297  1.5363008715144555e-06
1599  1.6576889002438858e-06
1332  1.8836606355874308e-06
1333  2.1210972579673951e-06
1155  2.2138056204403156e-06
1326  2.4727614808119758e-06
2016  2.4949468674848805e-06
2000  2.5361688155075256e-06
1551  2.5885330121100683e-06
1976  2.6150598364364868e-06
1289  2.7084275438318679e-06
1972  2.7712135324432276e-06
1559  2.9642229448647462e-06
1744  2.9669565636059439e-06
1169  3.0572959307990928e-06
1970  3.0826720205670380e-06
1291  3.1685006460331065e-06
1710  3.3347584296888158e-06
1709  3.3848461980582935e-06
1707  3.5151976053699060e-06
1563  4.0979658965078296e-06
1322  4.7958779091559950e-06
1321  5.0210402658645900e-06
1104  5.1599872057456692e-06
1960  5.3217547079061166e-06
1730  5.4976256820147751e-06
1687  5.5191825992986415e-06
1948  5.7911926726863722e-06
1946  6.1377203085349209e-06
1860  6.2109919093531294e-06
1858  6.2132743582663383e-06
1857  6.2174304919353663e-06
1865  6.2424288138695487e-06
1100  6.6797957145910658e-06
1706  6.9919845915843958e-06
1325  7.3459452893980425e-06
1170  7.3542829005379856e-06
1413  7.6998006252138737e-06
1626  7.8627640795892031e-06
1392  8.2849615746582268e-06
1175  8.4972863705444942e-06
1163  8.7445567721781374e-06
1969  8.9169672103213768e-06
1520  9.1691682967621226e-06
1101  9.1842090260089553e-06
1940  1.0188036033644420e-05
1938  1.0590709352795424e-05
1640  1.1177280809514252e-05
1937  1.1395701687946066e-05
1161  1.1684104201520012e-05
1412  1.1695243441456413e-05
1178  1.1956623801711040e-05
1310  1.2636560932389431e-05
1622  1.2891216640119583e-05
1864  1.3199892805478262e-05
1309  1.3765490801836296e-05
1167  1.4277831184100191e-05
1619  1.4669964821727384e-05
1302  1.5149048676425644e-05
1301  1.5457016990437873e-05
1896  1.6070572666573599e-05
1892  1.6468982278830563e-05
1945  1.6773441151364794e-05
1890  1.7247418298186605e-05
1889  1.8794916239610278e-05
1916  2.0532352256091872e-05
1914  2.1100564923161440e-05
1913  2.2239133405255492e-05
1410  2.2556315500752293e-05
1382  2.2569997772562320e-05
1612  2.2763629980361438e-05
1848  2.2948022093223675e-05
1532  2.3056263572840417e-05
1530  2.3396169165996909e-05
1844  2.3427661078365248e-05
1529  2.3621224420272394e-05
1791  2.3805282912764105e-05
1288  2.3903132191463801e-05
 802  2.3952915064858516e-05
1842  2.4372397935288287e-05
 799  2.4566448270538038e-05
1409  2.4945710897391205e-05
1592  2.5209700904980243e-05
1816  2.7964880795782815e-05
1097  2.7990877262759439e-05
1307  2.9133545699895689e-05
1312  3.0165211474525405e-05
1776  3.0974479232764622e-05
1232  3.1011814618444686e-05
1841  3.5221248851127456e-05
1510  3.5312434148328199e-05
1509  3.6170743324535754e-05
 795  3.6584132195041081e-05
1283  3.6784766926605419e-05
1644  3.8092804476260307e-05
1398  3.8135481444286408e-05
1295  3.8218069902350563e-05
1526  3.9102573742818066e-05
1910  4.1191057571689141e-05
1909  4.2997938500760357e-05
1632  4.3197595188041275e-05
1606  4.3320356480213565e-05
1836  4.5714472802637282e-05
1605  4.6276277642578696e-05
1834  4.7009718143003415e-05
1732  4.9220091280212331e-05
1296  4.9503092961066759e-05
1226  5.3222928622909186e-05
1499  5.4848025870076122e-05
 794  5.6800984414474949e-05
1507  5.7505801903352361e-05
1794  6.1540537006987648e-05
1833  6.1997761882438766e-05
1486  6.2353778702919316e-05
1120  6.3730317343493214e-05
1598  6.3935302686913691e-05
1381  6.4698586524919029e-05
1780  6.5049365228869914e-05
1393  6.6202979872460841e-05
1506  6.7374796804008945e-05
1521  7.0908818399400541e-05
1830  7.2219580228945600e-05
1907  7.4208241312278189e-05
1804  7.4536052441373624e-05
1168  7.5091777788175991e-05
1729  7.5141105301778342e-05
1160  7.6161879259256174e-05
1777  7.6719108393744523e-05
1768  7.7419572802465153e-05
1802  7.8511042806716079e-05
 787  8.5409835848254483e-05
1579  9.3443830688123979e-05
1829  9.4837634527146944e-05
1578  9.6504273398740356e-05
1395  9.9506575537589367e-05
1790  1.0112248639304596e-04
1787  1.0168770585646704e-04
1577  1.0173643024487760e-04
1221  1.0297292701984773e-04
1523  1.0785727416259395e-04
1389  1.0926003091879668e-04
1117  1.1377696039225909e-04
1728  1.1713449698309070e-04
1517  1.1800974933064437e-04
1775  1.2025932982087035e-04
1770  1.2147777249068323e-04
1591  1.2361503616556898e-04
1574  1.3353003015464690e-04
 712  1.3532177739739639e-04
1769  1.3730065852940015e-04
1788  1.4314766265334083e-04
1801  1.4454293865805227e-04
1573  1.5015408891010687e-04
1485  1.5272953461745859e-04
1749  1.5375546314375457e-04
1786  1.5438626503165820e-04
1223  1.5728693134308479e-04
1748  1.5748131723639032e-04
1220  1.5860331573511592e-04
1827  1.5910661465408520e-04
 691  1.6263642328954200e-04
1856  1.6345364020100737e-04
1116  1.6607117477350158e-04
1597  1.6999040358913002e-04
1742  1.7370199442514630e-04
1623  1.8064589259615273e-04
1564  1.8312890778994750e-04
1720  1.8351310379039089e-04
1620  1.8514058204394601e-04
1727  1.9029083165955261e-04
1154  1.9181279056237557e-04
1562  1.9313537219238161e-04
1198  1.9354635759160800e-04
1379  1.9585472880040601e-04
1618  1.9629091757817873e-04
1197  2.1097353880308251e-04
1765  2.1341938777975195e-04
 709  2.1931876434727271e-04
1571  2.2334864877515925e-04
1774  2.3169716005023305e-04
1072  2.3960148136356401e-04
1722  2.4564747733710202e-04
1171  2.5591265363059779e-04
1096  2.5685767277939153e-04
1708  2.5697427549833696e-04
1738  2.6061760207842611e-04
1698  2.6640134564754058e-04
1113  2.7314677664505029e-04
1062  2.8745360846368353e-04
1721  2.9753519431578691e-04
1735  2.9964195805761259e-04
1558  3.0009095243272745e-04
1196  3.0407808842182737e-04
 708  3.1675740179250902e-04
1483  3.3854776507722680e-04
1282  3.4369466689396634e-04
1285  3.4584933785976253e-04
1561  3.6161730368300686e-04
1044  3.7076730205845939e-04
1686  3.9533027194313923e-04
1697  3.9907717922384916e-04
1741  4.0829321626573427e-04
1586  4.4412023045283156e-04
1717  4.4637384900558796e-04
1705  4.5720637444320939e-04
1153  4.7429704224121285e-04
1726  4.7642733321139139e-04
1060  4.7797093564163143e-04
1479  4.9322543918127384e-04
1696  4.9945175865310533e-04
1585  5.0373469832929937e-04
1193  5.1053315798893484e-04
1166  5.4695279309591974e-04
1557  5.6923461607243705e-04
1367  5.8828711028915644e-04
1375  6.0928303099376773e-04
1550  6.2205162283574965e-04
1174  6.3965025271211921e-04
1061  6.7642273922997702e-04
1703  6.8762957941243647e-04
 697  6.9825885867549778e-04
1704  7.8832005101426498e-04
 735  8.9129668503805100e-04
1098  8.9389024118522343e-04
1702  9.6509157354981697e-04
1555  1.0029069984145889e-03
1528  1.0772608830611143e-03
1693  1.0787542846187588e-03
1157  1.1631637421430148e-03
1549  1.2068830355367005e-03
1324  1.2498722114690937e-03
1685  1.2650318359935238e-03
1320  1.3064051997284233e-03
1099  1.3385951282748397e-03
1147  1.3666272973348167e-03
1300  1.3812254992319412e-03
1290  1.4638887904721151e-03
1363  1.4921492279230131e-03
1089  1.5667383192075174e-03
1308  1.5786178594073864e-03
1165  1.6013342609034150e-03
 786  1.7080981345462404e-03
1294  1.7702812379084946e-03
1408  1.7865358053134031e-03
1146  1.8692251438950137e-03
1785  1.8833107974323112e-03
1380  1.8834376252434288e-03
1306  1.8901619522440616e-03
1162  1.9288248140705939e-03
 934  2.0097596627251858e-03
 793  2.0224876194383699e-03
 798  2.0879455322398155e-03
1547  2.1164308601380171e-03
1112  2.1172752433704627e-03
1287  2.1679675170517068e-03
1968  2.2062613798515011e-03
1498  2.2216831472241581e-03
1092  2.2280286669276810e-03
1508  2.2467930343150178e-03
1944  2.3018727660065641e-03
1378  2.3303767853864754e-03
 681  2.3534645025637484e-03
1683  2.4102321655127584e-03
1049  2.4102338765596720e-03
1936  2.4621335953232981e-03
1394  2.5059034889561107e-03
1281  2.5577962241405778e-03
1522  2.7097571660201179e-03
1504  2.7588817776588591e-03
1912  2.8657841154874288e-03
1095  3.0474352373762339e-03
 791  3.1472806687705365e-03
1293  3.2260233126200633e-03
1471  3.3179979543342449e-03
1159  3.3503684496965988e-03
1617  3.3589279141657659e-03
1888  3.4167218676682599e-03
1305  3.4335982527742615e-03
1505  3.4356693120842748e-03
 792  3.4676499503360769e-03
1908  3.4925897147143835e-03
1484  3.6221770173516083e-03
1093  3.6254822908601872e-03
1151  3.6274091083541432e-03
1543  3.7013403536803316e-03
1840  3.7108079185579437e-03
1449  3.7635478000498709e-03
1390  3.8862778850274498e-03
1192  3.9582452118198793e-03
1604  4.0167339262725671e-03
1832  4.1974405783461672e-03
1518  4.2427475437758367e-03
1906  4.6214221517383840e-03
1482  4.6311979537673629e-03
1391  4.7101217760863621e-03
 790  4.7566628575366329e-03
1596  4.7710142022650854e-03
1828  4.9802151798066067e-03
 690  4.9833280191622477e-03
1725  5.1635635605525414e-03
1387  5.1966967604759129e-03
1519  5.2090094399331903e-03
1222  5.3647536791818981e-03
1279  5.4363617729527398e-03
1503  5.6066920923005074e-03
1273  5.6525804484324794e-03
1515  5.7185724512036915e-03
1497  5.9251957276972586e-03
1388  5.9724347964046041e-03
1590  6.1574545390982519e-03
1575  6.1714630655276990e-03
1826  6.4213563773519019e-03
1115  6.4454364502535000e-03
1219  6.5628596454094064e-03
1516  6.5948781043053935e-03
1773  6.6259253065341214e-03
1905  6.6760532269124640e-03
 785  7.0369124439253550e-03
1457  7.1547787861733258e-03
1800  7.2086108434884274e-03
1152  7.4396802007857228e-03
1572  7.5036374572373101e-03
1139  7.6775557894078438e-03
1218  7.9063967145022139e-03
1386  8.0744341992665791e-03
1114  8.1927447225995671e-03
1377  8.1936855656087604e-03
1478  8.2224600967025687e-03
1767  8.4248004412636988e-03
1589  8.6302310459849593e-03
1514  8.9707449511725983e-03
1616  8.9756699748284440e-03
1570  9.8859067242749368e-03
1195  9.9336483646329382e-03
1217  1.0021636902603071e-02
1560  1.0235605329436213e-02
1764  1.0248434569067074e-02
 707  1.0359307781751106e-02
1784  1.0482483483186330e-02
1070  1.0584426792512843e-02
1275  1.0611960642158080e-02
1740  1.0649744440721205e-02
1672  1.1026624959933198e-02
1679  1.1326980516975418e-02
1268  1.2217315503761915e-02
1772  1.2436507445606195e-02
1502  1.2938378037069412e-02
1194  1.3146623854939433e-02
 689  1.3158000317709388e-02
 706  1.3234265867267211e-02
1825  1.3287306058304336e-02
1556  1.3426078411668234e-02
1734  1.3641110766711094e-02
 984  1.3938312831220412e-02
1569  1.4089251997486642e-02
1481  1.4122032063152226e-02
1280  1.4123343147978109e-02
1374  1.4193412670832751e-02
1719  1.4470343199329128e-02
1762  1.4505011902042167e-02
1041  1.4655038320953075e-02
1069  1.5893033324632891e-02
1684  1.5949155913075358e-02
1766  1.6071955074998791e-02
1491  1.6098932564169471e-02
1057  1.6166665483085374e-02
1695  1.7021488504149154e-02
1362  1.7445667271622278e-02
1033  1.7650200327218039e-02
1284  1.7883123556889209e-02
1716  1.8071705933945591e-02
 705  1.8133959170363912e-02
1088  1.8479893466614536e-02
1554  1.8698475749339361e-02
1058  1.9373983549256853e-02
1042  1.9475399591229781e-02
1584  1.9717729646488241e-02
1109  2.0097621471371140e-02
1724  2.0100921566435035e-02
1059  2.2098357583832967e-02
1111  2.2321031570232710e-02
1763  2.2414386808584829e-02
1701  2.2474893271230898e-02
 696  2.2812138337611303e-02
1548  2.2975331713495983e-02
 779  2.3040576814968378e-02
1682  2.3181365681528281e-02
 783  2.3223502123476916e-02
1164  2.4183297172398976e-02
1068  2.4786336832761182e-02
1477  2.5051540133066749e-02
1714  2.6512394533239940e-02
 734  2.6568491685193443e-02
1718  2.7380710268827085e-02
1366  2.8854856554656909e-02
1700  3.0332629236710824e-02
1108  3.1108065583671796e-02
 572  3.1776317852299854e-02
1373  3.2105582323914084e-02
1189  3.2376194556574832e-02
1278  3.2870851798341247e-02
 693  3.3104940178599218e-02
1546  3.3469743100166705e-02
1094  3.3508799007921308e-02
1692  3.4544588760052314e-02
1191  3.5504536588057557e-02
 683  3.6267622636448962e-02
1553  3.7868243886850200e-02
1715  3.9140956789400279e-02
1256  3.9523508943602195e-02
 733  3.9529539057503275e-02
1156  3.9654494037387862e-02
 576  4.1287737187995319e-02
1365  4.1431511916126658e-02
1475  4.1960820225902168e-02
 777  4.2898157242533541e-02
1495  4.3920369943484555e-02
 680  4.5313501240680447e-02
 676  4.6019688012804483e-02
1286  4.6319797977637668e-02
1694  4.8073032415299762e-02
1145  4.8241010635522365e-02
 784  4.8633584360284976e-02
1188  4.9174241520469696e-02
 932  4.9737958908835776e-02
 995  5.1381678417362769e-02
1690  5.2014960427237016e-02
1371  5.3584754546230046e-02
1292  5.4168156100097682e-02
1144  5.4586681484390005e-02
1158  5.5368374796256913e-02
1361  5.5549596258150043e-02
1272  5.6346116688479338e-02
1496  5.8145626740015034e-02
1048  5.9275800891959239e-02
1376  5.9428044352801468e-02
1304  5.9635280522049146e-02
1036  6.0621888347533841e-02
1090  6.0941750175515091e-02
 732  6.1040067843330416e-02
1150  6.1335359067237097e-02
1681  6.4160183909285406e-02
1545  6.5946773830700425e-02
 789  6.7377898326204139e-02
1691  7.0304398176457880e-02
1056  7.2406155712024939e-02
1468  7.2575726069674246e-02
1143  7.3321915560162057e-02
 929  7.3736161244600334e-02
1137  7.4289050055064157e-02
1091  7.6157623913764405e-02
1448  7.7481751356301157e-02
1541  7.9077782001848756e-02
1085  8.0269134895345470e-02
1470  8.0864078300163067e-02
1142  8.3107304402514529e-02
 687  8.5523038938274301e-02
1542  8.8221989982575397e-02
1045  8.9064424020693381e-02
1084  8.9632277866678489e-02
 788  9.4478876569581524e-02
1385  9.4740170957589992e-02
1501  9.5030947834769147e-02
 677  9.9546745277658819e-02
1149  1.0063062191482997e-01
1480  1.0069936020332933e-01
1513  1.0199660984072867e-01
 688  1.0599249858408108e-01
1277  1.0719428855520058e-01
 648  1.0995361018466938e-01
1444  1.1112270050353155e-01
1456  1.1852816188184792e-01
1040  1.1874749743628231e-01
 729  1.2029562212227905e-01
1265  1.2043993842780158e-01
1469  1.2058494961045486e-01
 923  1.2080030867005885e-01
1087  1.2224931063553222e-01
1216  1.2251980143903606e-01
1445  1.2301933438110785e-01
1904  1.2432905156071844e-01
1824  1.2909742439432359e-01
1384  1.2915472379748982e-01
1588  1.2966262089613143e-01
1027  1.3161329845273803e-01
1138  1.3224168342131068e-01
1677  1.3272938986212734e-01
1512  1.3717494423352261e-01
1355  1.4279679017895525e-01
 447  1.4787768544783625e-01
1540  1.4888268923597350e-01
1476  1.5005458505796140e-01
1032  1.5289975568690925e-01
1110  1.5330505505259875e-01
1359  1.5391021416896133e-01
1670  1.5486631744047366e-01
1274  1.5754021649422301e-01
 782  1.5880102458647474e-01
1678  1.6531719038760104e-01
1269  1.6681829717541269e-01
1453  1.7024935305652383e-01
1266  1.7165004323845337e-01
 921  1.7240867854774600e-01
1568  1.7272056149717219e-01
 982  1.7547707062665210e-01
 704  1.8659489187577674e-01
 776  1.8798391853198415e-01
1067  1.9078553755657168e-01
1081  1.9227207568518537e-01
1490  1.9228875538566159e-01
1500  1.9240724142198376e-01
1760  1.9714721441622424e-01
 981  2.0525031781206110e-01
1190  2.0529094955694166e-01
1372  2.0995899925237235e-01
1465  2.1184144197091320e-01
1055  2.1290944469562517e-01
1669  2.1325438065228400e-01
1474  2.1404814868341712e-01
1107  2.1841200757955223e-01
1761  2.2247103508147142e-01
1360  2.3211191249010579e-01
 778  2.3707229823887127e-01
 723  2.3750862876465084e-01
1452  2.3856979105961526e-01
1552  2.4043771298486363e-01
 673  2.4191352046979711e-01
1343  2.4609924969121286e-01
 661  2.4684258729864295e-01
1676  2.5208156172425550e-01
1039  2.5582756382117022e-01
1489  2.5989592090868718e-01
1066  2.6140183232142800e-01
1680  2.6558859235680654e-01
1712  2.7049071703303101e-01
1271  2.7158696428390738e-01
 569  2.7230932258438528e-01
 692  2.7748623949493084e-01
1136  2.7807413385570295e-01
 781  2.7894478203897582e-01
 570  2.8087804181113074e-01
1187  2.8237539864493943e-01
1494  2.8496778910978537e-01
1253  2.8509320092987478e-01
1370  2.8750047572300091e-01
1668  2.9066389051168129e-01
1106  2.9225334872784381e-01
1029  2.9527209157998474e-01
 682  2.9860073211333427e-01
1713  3.0429454921735472e-01
1276  3.0638877664592601e-01
 980  3.0911101513224626e-01
1364  3.1015828290855335e-01
1254  3.1095822419755215e-01
1132  3.1252800621370597e-01
 574  3.1848980969992324e-01
 731  3.1878890552084921e-01
1431  3.1969249216818324e-01
 664  3.2684234012908780e-01
 915  3.2861833072878771e-01
1544  3.3175159571690310e-01
 263  3.3454159253943222e-01
1065  3.4379802315230307e-01
 674  3.5233341381497091e-01
 994  3.5462375659229961e-01
1186  3.6556949674519301e-01
1129  3.6659655770603794e-01
1473  3.6838198114390125e-01
1260  3.6963689293153951e-01
1688  3.7712568678306030e-01
 728  3.7905291779131112e-01
1103  3.8258984601823121e-01
1034  3.8805894055135576e-01
1264  3.9111943359685425e-01
1026  3.9353712856761836e-01
1493  4.0122021004617986e-01
1013  4.0135069631093689e-01
 686  4.0175459012703291e-01
 573  4.1175000972156950e-01
 679  4.1369238474669273e-01
 730  4.1442817000775206e-01
1689  4.1480679907615625e-01
 928  4.1747889783199055e-01
1430  4.2599970026098039e-01
1369  4.2764092670665155e-01
1141  4.2942581766834653e-01
1466  4.3685726546314430e-01
1148  4.4208257621857977e-01
 773  4.5059806970628763e-01
 993  4.5254738234144015e-01
1083  4.5382788645456323e-01
1252  4.5417551039708726e-01
1185  4.5675174100742472e-01
1539  4.5877382806754419e-01
1043  4.6287907964515729e-01
 672  4.6467749113639556e-01
1140  4.6895452323589737e-01
1086  4.6918819536538853e-01
1358  4.7234599360339435e-01
 775  4.7568395816334919e-01
1135  4.7713191195911081e-01
1054  4.8586417394759818e-01
1082  4.8825144658220093e-01
 920  4.8850351140680542e-01
1080  4.9273975700370576e-01
 967  4.9299631587045745e-01
 675  4.9434335671478652e-01
1441  5.0653343981030863e-01
1464  5.0903850661440786e-01
 563  5.1026251538241174e-01
 646  5.1143735953803360e-01
 863  5.2795264425651611e-01
1442  5.3377919387475781e-01
 922  5.3389779417747707e-01
1053  5.3423334810058787e-01
 685  5.3632742698723512e-01
1467  5.3903407635836431e-01
1443  5.4569433658106647e-01
1031  5.5391899964392921e-01
 772  5.5572270885146857e-01
1354  5.7319251627444889e-01
 987  5.7401696155560000e-01
 446  5.8279560680955833e-01
 645  5.8654558474074059e-01
1263  5.8954072220206266e-01
1675  5.9001943663742562e-01
1052  6.0319515102571875e-01
 722  6.0868610543667490e-01
1025  6.1034633428413876e-01
1538  6.1476730132130997e-01
1267  6.1556770059448718e-01
1537  6.1587625203581942e-01
1016  6.3027106016212053e-01
1451  6.3604345179352273e-01
 568  6.4453698511684843e-01
 951  6.4841528844514085e-01
 862  6.5319631680440082e-01
1038  6.5357890159947363e-01
1357  6.5413360281782751e-01
 725  6.5773062149993144e-01
 551  6.5784864708399093e-01
 780  6.5866043824701881e-01
 660  6.5979208899715436e-01
 445  6.6009701871807402e-01
 562  6.6593323246085134e-01
1353  6.6954204570135467e-01
1239  6.7387579453097612e-01
1270  6.8078427078850967e-01
1037  6.8353094074599552e-01
 623  6.8700666335280602e-01
 979  6.9172446049090941e-01
1667  6.9296546726075092e-01
 727  6.9943248757418108e-01
 644  7.0288733811913395e-01
1133  7.0980463146700479e-01
 914  7.1017534571825236e-01
1440  7.1261554950155048e-01
1342  7.1633227939764565e-01
1460  7.1722676436017951e-01
1673  7.1732022632137160e-01
 668  7.1806315709275736e-01
1488  7.2746208474515739e-01
1450  7.2823693996876260e-01
1472  7.3064794150654233e-01
 917  7.3303535542704057e-01
1128  7.4712783980666797e-01
1023  7.5542843696346418e-01
1674  7.5637450303735709e-01
 966  7.5907309909484122e-01
 444  7.6363844149540927e-01
 721  7.6521514641024690e-01
1077  7.6530349190305802e-01
1028  7.6671206302364614e-01
 671  7.6882318226353952e-01
1463  7.7260685948303343e-01
1666  7.7457342623452685e-01
1130  7.8147852139065577e-01
 527  7.8516595762435681e-01
1079  7.8580971909169284e-01
1076  7.8873431045092157e-01
1251  7.8974899872873228e-01
1134  7.9121198020714001e-01
 662  7.9183215780016192e-01
 919  7.9555076208073594e-01
1248  7.9559461919068530e-01
1341  7.9608182334855926e-01
 978  7.9618714950218838e-01
 262  7.9706584823302440e-01
 774  7.9716653498659196e-01
 657  8.0307475274650864e-01
 550  8.0313558492276460e-01
1461  8.0441815346208523e-01
1215  8.0465285391090557e-01
1368  8.0767381001706651e-01
1063  8.0850449799960311e-01
1429  8.0984968528806001e-01
 567  8.1221258555291420e-01
1492  8.1306719462681298e-01
1447  8.1533543725226620e-01
1019  8.1762185372910290e-01
 632  8.1936151334217022e-01
1261  8.2169178679808785e-01
1258  8.2507628523168208e-01
1012  8.3160909699156649e-01
 977  8.3270931628780864e-01
1102  8.3324494972049368e-01
 669  8.3605404906994762e-01
 678  8.4144597198413384e-01
1665  8.4233237524301730e-01
 913  8.4252516830146595e-01
 976  8.4401440803026473e-01
 439  8.5389792358574834e-01
 571  8.5811303954369234e-01
 261  8.5957490287946869e-01
1340  8.6400245999329095e-01
 715  8.6943146233880397e-01
1262  8.7258379067317537e-01
1428  8.7412542732370180e-01
1024  8.7444158176819797e-01
 653  8.7493860109188415e-01
 992  8.7671514300429465e-01
1427  8.7672330702110413e-01
1249  8.7683735764813220e-01
1184  8.7710841832332354e-01
 496  8.8004166967406505e-01
1257  8.8264254378834706e-01
1125  8.8622898659179872e-01
 684  8.8969317224458000e-01
 771  8.9022725696553195e-01
1250  8.9375883265306511e-01
1030  8.9957127337068965e-01
1009  8.9981531031860296e-01
 622  9.0660720463313360e-01
 670  9.0977332220327745e-01
 255  9.1132475978502581e-01
1356  9.1304056743269357e-01
 656  9.1312500477529834e-01
 431  9.1489722705108434e-01
 907  9.1716176905043401e-01
 726  9.1884246055768326e-01
1426  9.2330458780414848e-01
1439  9.2442095756698306e-01
 719  9.2511204978934458e-01
 965  9.2581769520872925e-01
 561  9.2609984730338368e-01
1051  9.2709786991547083e-01
1423  9.2727825678619957e-01
 659  9.2862422404401634e-01
1124  9.2941624497049014e-01
 770  9.2951019654169331e-01
 526  9.3050776312535399e-01
 986  9.3099756878396578e-01
 861  9.3148692063489669e-01
 703  9.3195159002807360e-01
1022  9.3902101541010818e-01
 899  9.3968684226437305e-01
1003  9.4029291556022543e-01
1462  9.4131107628706756e-01
 906  9.4138084691763202e-01
1127  9.4235516029970490e-01
1436  9.4288102794954565e-01
1050  9.4470811943058985e-01
1536  9.4482898910214141e-01
 643  9.4672197735661945e-01
1078  9.4835894175946001e-01
 247  9.4860114707857002e-01
1014  9.4989575684605365e-01
 950  9.5376979610263102e-01
 415  9.5436088985600209e-01
 911  9.5595039260612380e-01
 769  9.5693854051727600e-01
 724  9.5737314828528508e-01
 963  9.5739472800828307e-01
1422  9.5744341187490090e-01
 565  9.5785540001321079e-01
 918  9.5796122004093254e-01
 985  9.5813510072435815e-01
 860  9.6021664622485370e-01
1352  9.6046761600414621e-01
 720  9.6047006801516610e-01
 859  9.6069865029628010e-01
1238  9.6128279557349539e-01
1437  9.6309418747847941e-01
1035  9.6454320830908113e-01
 560  9.6459554816768533e-01
 443  9.6568555338384376e-01
1002  9.6635344196238693e-01
1047  9.6788721936589783e-01
 549  9.7015592876230172e-01
 566  9.7074763645863194e-01
 642  9.7092990597548878e-01
1131  9.7123719685332388e-01
1245  9.7135251957656532e-01
1671  9.7200782935566388e-01
1458  9.7217039403002992e-01
 666  9.7235189298537938e-01
 949  9.7302407667843271e-01
 239  9.7302933928562996e-01
 916  9.7498895474402103e-01
1438  9.7521513243934754e-01
 559  9.7654290063091509e-01
 621  9.7672757068231586e-01
1407  9.7718098101047435e-01
1237  9.7742694595064028e-01
 858  9.7839526700972845e-01
 320  9.7872644815496146e-01
 855  9.7910877423961762e-01
 640  9.7955334291487339e-01
 641  9.7976819840138740e-01
 912  9.8011018972298092e-01
 442  9.8170326723732571e-01
1008  9.8314984261928917e-01
 558  9.8363222272886253e-01
 547  9.8405227667151074e-01
 665  9.8432109394173883e-01
 964  9.8447443517020228e-01
1075  9.8466826049724943e-01
1455  9.8507523243147277e-01
 947  9.8522527112253677e-01
1074  9.8523510000747527e-01
1214  9.8572468406228309e-01
1246  9.8593665660240648e-01
1021  9.8632097116938033e-01
 619  9.8739701552639902e-01
 238  9.8740209740638041e-01
1446  9.8761081131273787e-01
1231  9.8763974446549241e-01
 441  9.8764626589532922e-01
 548  9.8829128519360676e-01
 630  9.8880486371507992e-01
1459  9.8881275086685050e-01
1018  9.8883131535919833e-01
1011  9.8889504511832338e-01
 854  9.8916771273988624e-01
1339  9.8933364138516267e-01
 847  9.8962988765532545e-01
1259  9.8970885286626764e-01
 973  9.9019543286490808e-01
 525  9.9032083819854855e-01
 555  9.9122759442611363e-01
 718  9.9127094899425827e-01
1664  9.9156837868085623e-01
1213  9.9183489176673056e-01
1073  9.9188508354091087e-01
 438  9.9193890094299508e-01
 974  9.9216538544841260e-01
 667  9.9221021306772272e-01
 935  9.9235340662670701e-01
 962  9.9293014687415582e-01
 260  9.9326318086578180e-01
 975  9.9340530513057645e-01
 615  9.9364604461964900e-01
 629  9.9396131698880519e-01
 959  9.9396243711604237e-01
1017  9.9399818830150655e-01
 191  9.9401457366983936e-01
 652  9.9411259827456433e-01
1126  9.9411783446475488e-01
1338  9.9413815796947880e-01
 714  9.9422106440811864e-01
 546  9.9428412291830615e-01
 658  9.9444699611472975e-01
 846  9.9496167378562606e-01
 494  9.9507446821776713e-01
 523  9.9509114044560198e-01
 831  9.9511471554445929e-01
1244  9.9527001241234914e-01
1255  9.9557024886191070e-01
1212  9.9574661308403800e-01
1247  9.9577957100872871e-01
 910  9.9579337734750517e-01
 437  9.9607173641503355e-01
1425  9.9651723061036168e-01
 655  9.9673073521045696e-01
1337  9.9689309490326516e-01
 628  9.9694455187556208e-01
1123  9.9703094738158249e-01
 711  9.9711313084785269e-01
 127  9.9727464908995167e-01
 649  9.9730021548640158e-01
 254  9.9732533100796128e-01
 543  9.9734090271286646e-01
 493  9.9748464758482458e-01
 430  9.9751202945201978e-01
 542  9.9753468932082023e-01
 957  9.9754131971144822e-01
 823  9.9764115638871054e-01
 519  9.9770622715971791e-01
 972  9.9774427662981946e-01
 620  9.9782956573726089e-01
 591  9.9790727114439726e-01
1209  9.9791882324968606e-01
 435  9.9807668238231839e-01
 654  9.9807878014713214e-01
1424  9.9816735694569814e-01
 702  9.9823735799790825e-01
 607  9.9836707428482763e-01
1122  9.9844176755343894e-01
 905  9.9853502312141429e-01
 383  9.9855250204422008e-01
 253  9.9866088886751980e-01
 524  9.9870872974964575e-01
 429  9.9877586037269450e-01
 898  9.9877872897751674e-01
 535  9.9880959809583658e-01
 492  9.9882158248688335e-01
1421  9.9890760583216875e-01
 904  9.9892792583766143e-01
1434  9.9895289104954910e-01
 717  9.9895824830452806e-01
1020  9.9906045950287992e-01
 246  9.9909532686928881e-01
 701  9.9909708442622625e-01
 887  9.9911836451166935e-01
 618  9.9914337440542833e-01
1119  9.9919327731064289e-01
 427  9.9924883355594496e-01
 414  9.9926386319930094e-01
 768  9.9929154602860137e-01
1001  9.9931976512942833e-01
 903  9.9932173793727963e-01
 564  9.9940703953101095e-01
 897  9.9941858945215378e-01
1420  9.9944665760590512e-01
 983  9.9946541048247917e-01
1433  9.9947416758347651e-01
 902  9.9949052177042907e-01
1419  9.9949233532498039e-01
 522  9.9949650634219789e-01
 487  9.9949847606283915e-01
 700  9.9955763078918458e-01
 245  9.9959547618695666e-01
1046  9.9964339848521588e-01
 637  9.9965505037560332e-01
1000  9.9966043551228623e-01
 909  9.9966251537283235e-01
 614  9.9967404918381952e-01
 999  9.9968966423890726e-01
1435  9.9969327166481536e-01
 961  9.9970101056459337e-01
 413  9.9970185201082473e-01
 857  9.9972785649153428e-01
 477  9.9973155498913824e-01
1418  9.9974239464573422e-01
 948  9.9974301444817781e-01
 894  9.9974325458331348e-01
1007  9.9977688151140165e-01
1010  9.9978260471464386e-01
 511  9.9978591447406318e-01
 426  9.9978964613150112e-01
 518  9.9980864114586787e-01
1406  9.9982248249636729e-01
1236  9.9982720273596148e-01
 998  9.9983933010582371e-01
 243  9.9984880381567021e-01
 606  9.9986474632935152e-01
 856  9.9986674151693222e-01
 318  9.9986964861761929e-01
 638  9.9987440461513633e-01
 411  9.9990016443888319e-01
 557  9.9990356202756103e-01
1241  9.9990450678114395e-01
 895  9.9990836546264206e-01
 510  9.9991254361583803e-01
1454  9.9991654105943817e-01
 946  9.9992152679227542e-01
 237  9.9992170423023685e-01
 556  9.9992233326369750e-01
1405  9.9992529439926858e-01
 663  9.9992715168697666e-01
1243  9.9993037940951790e-01
 853  9.9993952034014788e-01
 639  9.9993995150424031e-01
1006  9.9994330736116288e-01
 651  9.9994401311862224e-01
 440  9.9994630073513124e-01
1230  9.9994634873326760e-01
 886  9.9994793520939951e-01
 943  9.9994886618897083e-01
 317  9.9995122110578438e-01
 991  9.9995744769275419e-01
 407  9.9996201513706007e-01
 236  9.9996446277237983e-01
 545  9.9996453272542940e-01
1404  9.9996647949050121e-01
 945  9.9996989311900408e-01
 852  9.9997027210951006e-01
1005  9.9997093766451151e-01
 554  9.9997194411822721e-01
 636  9.9997254884734066e-01
 851  9.9997829095425017e-01
1071  9.9997838865292210e-01
 235  9.9997840292828466e-01
1229  9.9997850731388505e-01
 716  9.9997932080653240e-01
 617  9.9997953588775434e-01
 480  9.9998052085703049e-01
 316  9.9998191520767443e-01
 399  9.9998243349860860e-01
 933  9.9998426398226348e-01
 190  9.9998533224265951e-01
 958  9.9998543525438810e-01
 960  9.9998682138272232e-01
 234  9.9998732796701195e-01
 845  9.9998824539128861e-01
1015  9.9998848280602803e-01
 849  9.9998852249715942e-01
 971  9.9998898731998676e-01
 553  9.9998911109745126e-01
 382  9.9998938135085669e-01
 969  9.9998995288937920e-01
 830  9.9999010547101719e-01
1211  9.9999016366267568e-01
 436  9.9999045240174433e-01
 544  9.9999109445270795e-01
 931  9.9999240192615291e-01
1242  9.9999260953272673e-01
 231  9.9999290916925776e-01
 312  9.9999305918096371e-01
 844  9.9999314265784023e-01
 767  9.9999330065225156e-01
 908  9.9999343187488754e-01
1210  9.9999390600734428e-01
 956  9.9999391961150985e-01
 627  9.9999395676013048e-01
 230  9.9999421267225319e-01
1336  9.9999429302362919e-01
 613  9.9999431142836182e-01
 710  9.9999474799223309e-01
 843  9.9999499133020198e-01
 126  9.9999521430214655e-01
 189  9.9999523445748584e-01
 303  9.9999539534284343e-01
 822  9.9999550968983131e-01
 223  9.9999574219046006e-01
 626  9.9999576145150748e-01
 829  9.9999582504661755e-01
 434  9.9999582713614099e-01
 521  9.9999594198316188e-01
 842  9.9999599487399349e-01
1208  9.9999608830401421e-01
 927  9.9999610932751137e-01
 647  9.9999612775968250e-01
 590  9.9999614084421939e-01
 839  9.9999641609755441e-01
 288  9.9999646731140390e-01
 970  9.9999656064843512e-01
 215  9.9999656801692594e-01
 611  9.9999657066348235e-01
 540  9.9999664128680776e-01
 625  9.9999671916125821e-01
 252  9.9999694262846650e-01
 838  9.9999695677341116e-01
 428  9.9999704628749897e-01
 214  9.9999705932763283e-01
 534  9.9999705959640706e-01
 827  9.9999706226823304e-01
1207  9.9999708791945963e-01
 541  9.9999710296798827e-01
 953  9.9999715894362595e-01
 538  9.9999719923957786e-01
 821  9.9999721928219076e-01
 187  9.9999726800323541e-01
1206  9.9999726865363503e-01
 125  9.9999728495212870e-01
 589  9.9999730024199451e-01
 491  9.9999731829561966e-01
 517  9.9999731963012961e-01
1118  9.9999732571316724e-01
 433  9.9999735090885644e-01
 183  9.9999741286403621e-01
 539  9.9999741542251197e-01
 605  9.9999741765835259e-01
1203  9.9999742682246906e-01
 896  9.9999743196813640e-01
 650  9.9999743245653017e-01
 490  9.9999743270558450e-01
1432  9.9999745005244889e-01
 486  9.9999745610170709e-01
 819  9.9999745788552175e-01
 616  9.9999746714382654e-01
 587  9.9999747478626388e-01
 175  9.9999747710180920e-01
 533  9.9999747998253852e-01
 515  9.9999748292661039e-01
 584  9.9999748966079505e-01
 244  9.9999749002001126e-01
 942  9.9999749986260456e-01
 381  9.9999750007809396e-01
 123  9.9999750159781864e-01
 810  9.9999750380545316e-01
 489  9.9999750405847299e-01
 412  9.9999750409616028e-01
 885  9.9999750801408882e-01
 165  9.9999751017103422e-01
 603  9.9999751024496353e-01
 699  9.9999751196396391e-01
 900  9.9999751650912361e-01
 476  9.9999752147791754e-01
 119  9.9999752235070438e-01
 698  9.9999752330853453e-01
 901  9.9999752526760433e-01
 531  9.9999752597281732e-01
 599  9.9999752709520329e-01
 883  9.9999753117019607e-01
 520  9.9999753172443451e-01
1417  9.9999753272183500e-01
 112  9.9999753282633408e-01
 873  9.9999753350134646e-01
  95  9.9999753399069835e-01
 425  9.9999753420211812e-01
 242  9.9999753482921216e-01
 612  9.9999753547653736e-01
 763  9.9999753567876037e-01
 695  9.9999753622311949e-01
 379  9.9999753704417327e-01
1416  9.9999753769879529e-01
 755  9.9999753776467815e-01
 410  9.9999753788682955e-01
 892  9.9999753816382619e-01
 633  9.9999753819294401e-01
  71  9.9999753866437047e-01
 485  9.9999753887922560e-01
 997  9.9999753920031809e-01
 762  9.9999753987762330e-01
 610  9.9999754012133679e-01
 375  9.9999754030557630e-01
1240  9.9999754078982372e-01
 889  9.9999754101025184e-01
 996  9.9999754120526463e-01
 368  9.9999754187131273e-01
 420  9.9999754187706957e-01
 955  9.9999754228359383e-01
 604  9.9999754230828686e-01
 990  9.9999754233456828e-01
 635  9.9999754238552696e-01
 483  9.9999754238975491e-01
 423  9.9999754245180261e-01
 516  9.9999754253773809e-01
 765  9.9999754254986584e-01
 879  9.9999754265568430e-01
 351  9.9999754265839114e-01
 424  9.9999754266602348e-01
 406  9.9999754270014862e-01
 473  9.9999754280929842e-01
 766  9.9999754280949338e-01
 509  9.9999754283685360e-01
 467  9.9999754317059708e-01
 513  9.9999754318595624e-01
 944  9.9999754325501544e-01
 601  9.9999754331588564e-01
1004  9.9999754333306601e-01
 458  9.9999754334896551e-01
 508  9.9999754335599600e-01
 421  9.9999754336950875e-01
 241  9.9999754338785196e-01
 893  9.9999754340064118e-01
 364  9.9999754341395664e-01
 362  9.9999754341396752e-01
 363  9.9999754341396763e-01
 360  9.9999754341397218e-01
 361  9.9999754341397262e-01
 354  9.9999754341397618e-01
 355  9.9999754341397618e-01
 356  9.9999754341397618e-01
 357  9.9999754341397618e-01
 358  9.9999754341397618e-01
 359  9.9999754341397618e-01
 352  9.9999754341397629e-01
 353  9.9999754341397629e-01
 374  9.9999754342638547e-01
 373  9.9999754342685310e-01
 372  9.9999754342685543e-01
 371  9.9999754342686642e-01
 370  9.9999754342686664e-01
 369  9.9999754342686675e-01
 380  9.9999754342985681e-01
 378  9.9999754343333658e-01
 336  9.9999754343345881e-01
 337  9.9999754343345881e-01
 338  9.9999754343345881e-01
 339  9.9999754343345881e-01
 349  9.9999754343347624e-01
 332  9.9999754343347724e-01
 333  9.9999754343347724e-01
 334  9.9999754343347724e-01
 335  9.9999754343347724e-01
 343  9.9999754343347846e-01
 342  9.9999754343347858e-01
 328  9.9999754343347913e-01
 329  9.9999754343347913e-01
 330  9.9999754343347924e-01
 331  9.9999754343347924e-01
 340  9.9999754343347946e-01
 341  9.9999754343347946e-01
 344  9.9999754343348202e-01
 345  9.9999754343348202e-01
 322  9.9999754343348324e-01
 323  9.9999754343348324e-01
 321  9.9999754343348335e-01
 324  9.9999754343348346e-01
 325  9.9999754343348346e-01
 326  9.9999754343348346e-01
 327  9.9999754343348346e-01
 347  9.9999754343348446e-01
 346  9.9999754343348457e-01
 348  9.9999754343348513e-01
 377  9.9999754343484115e-01
 376  9.9999754343484137e-01
 367  9.9999754343522407e-01
 365  9.9999754343522418e-01
 366  9.9999754343522418e-01
 596  9.9999754343566283e-01
 350  9.9999754343763303e-01
 850  9.9999754345632630e-01
 507  9.9999754345965775e-01
 884  9.9999754346332692e-01
 506  9.9999754346694847e-01
 398  9.9999754347444580e-01
 409  9.9999754349476333e-01
 989  9.9999754349882131e-01
 503  9.9999754350292058e-01
 941  9.9999754350397929e-01
 876  9.9999754350580794e-01
1403  9.9999754350758330e-01
 499  9.9999754350932413e-01
 405  9.9999754351114711e-01
 403  9.9999754351268000e-01
 404  9.9999754351306458e-01
 400  9.9999754351322145e-01
 401  9.9999754351322157e-01
 402  9.9999754351322467e-01
 882  9.9999754351466308e-01
 392  9.9999754351643033e-01
 408  9.9999754351840975e-01
 874  9.9999754351922077e-01
 875  9.9999754351922077e-01
 389  9.9999754352300652e-01
 388  9.9999754352300696e-01
 390  9.9999754352300707e-01
 391  9.9999754352300718e-01
 384  9.9999754352301307e-01
 385  9.9999754352301307e-01
 387  9.9999754352301340e-01
 386  9.9999754352301351e-01
 744  9.9999754352312276e-01
 745  9.9999754352312276e-01
 746  9.9999754352312276e-01
 747  9.9999754352312276e-01
 736  9.9999754352313031e-01
 737  9.9999754352313031e-01
 738  9.9999754352313031e-01
 739  9.9999754352313031e-01
 740  9.9999754352313230e-01
 741  9.9999754352313230e-01
 742  9.9999754352313230e-01
 743  9.9999754352313230e-01
 748  9.9999754352313741e-01
 749  9.9999754352313741e-01
 750  9.9999754352313741e-01
 751  9.9999754352313741e-01
 753  9.9999754352314019e-01
 752  9.9999754352314085e-01
 754  9.9999754352314141e-01
 454  9.9999754352452941e-01
 457  9.9999754352452963e-01
 452  9.9999754352452985e-01
 453  9.9999754352452985e-01
 456  9.9999754352452985e-01
 455  9.9999754352453163e-01
 448  9.9999754352453274e-01
 449  9.9999754352453274e-01
 450  9.9999754352453274e-01
 451  9.9999754352453274e-01
 891  9.9999754352585934e-01
1402  9.9999754352627757e-01
 866  9.9999754352781911e-01
 867  9.9999754352781922e-01
 864  9.9999754352781944e-01
 865  9.9999754352781944e-01
 871  9.9999754352790837e-01
 872  9.9999754352790871e-01
 868  9.9999754352790948e-01
 869  9.9999754352790948e-01
 870  9.9999754352790948e-01
 764  9.9999754352803227e-01
 472  9.9999754352841752e-01
 469  9.9999754352848647e-01
 468  9.9999754352848713e-01
 470  9.9999754352849557e-01
 471  9.9999754352849601e-01
 474  9.9999754352944659e-01
 475  9.9999754352945580e-01
 466  9.9999754353043369e-01
 459  9.9999754353046222e-01
 463  9.9999754353050008e-01
 464  9.9999754353050008e-01
 462  9.9999754353050063e-01
 460  9.9999754353050085e-01
 461  9.9999754353050085e-01
 465  9.9999754353050208e-01
 397  9.9999754353404324e-01
 498  9.9999754353406334e-01
 497  9.9999754353406400e-01
 505  9.9999754353420034e-01
 504  9.9999754353420045e-01
 395  9.9999754353421266e-01
 396  9.9999754353433812e-01
 393  9.9999754353435155e-01
 394  9.9999754353435744e-01
 258  9.9999754353933257e-01
 256  9.9999754353933334e-01
 257  9.9999754353933334e-01
 240  9.9999754353933412e-01
 248  9.9999754353933556e-01
 249  9.9999754353933556e-01
 259  9.9999754353933701e-01
 251  9.9999754353933823e-01
 250  9.9999754353934078e-01
 881  9.9999754353946990e-01
 880  9.9999754353947068e-01
 939  9.9999754354037296e-01
 634  9.9999754354138604e-01
 877  9.9999754354273351e-01
 878  9.9999754354279435e-01
 760  9.9999754354316961e-01
 757  9.9999754354318982e-01
 756  9.9999754354318993e-01
 758  9.9999754354319359e-01
 759  9.9999754354319426e-01
 761  9.9999754354319781e-01
 796  9.9999754354424741e-01
 800  9.9999754354425685e-01
 801  9.9999754354425729e-01
 797  9.9999754354425741e-01
1401  9.9999754354525050e-01
 600  9.9999754354596093e-01
 319  9.9999754354600912e-01
 500  9.9999754354677339e-01
 501  9.9999754354677495e-01
 502  9.9999754354678816e-01
 848  9.9999754354806925e-01
 478  9.9999754354983816e-01
 315  9.9999754355073123e-01
 595  9.9999754355125103e-01
 594  9.9999754355125137e-01
 593  9.9999754355127046e-01
 592  9.9999754355127091e-01
 602  9.9999754355154680e-01
 598  9.9999754355215287e-01
 597  9.9999754355215498e-01
1204  9.9999754355243420e-01
1205  9.9999754355260284e-01
 228  9.9999754355339188e-01
 940  9.9999754355366854e-01
 937  9.9999754355385184e-01
 936  9.9999754355385284e-01
 229  9.9999754355394510e-01
 938  9.9999754355399073e-01
 481  9.9999754355429449e-01
 552  9.9999754355439707e-01
 482  9.9999754355449322e-01
 484  9.9999754355451986e-01
 488  9.9999754355454684e-01
 302  9.9999754355459725e-01
 226  9.9999754355463366e-01
 224  9.9999754355463377e-01
 225  9.9999754355463377e-01
 227  9.9999754355464665e-01
1201  9.9999754355505854e-01
1200  9.9999754355506276e-01
1202  9.9999754355507664e-01
 264  9.9999754355534720e-01
 265  9.9999754355534720e-01
 266  9.9999754355534720e-01
 267  9.9999754355534720e-01
 268  9.9999754355534720e-01
 269  9.9999754355534720e-01
 270  9.9999754355534720e-01
 271  9.9999754355534720e-01
 280  9.9999754355571446e-01
 281  9.9999754355571446e-01
 284  9.9999754355571835e-01
 283  9.9999754355571857e-01
 282  9.9999754355571868e-01
 285  9.9999754355572235e-01
 286  9.9999754355572568e-01
 287  9.9999754355572656e-01
 295  9.9999754355583781e-01
 292  9.9999754355583825e-01
 294  9.9999754355583825e-01
 293  9.9999754355583836e-01
 291  9.9999754355586046e-01
 290  9.9999754355586057e-01
 289  9.9999754355586079e-01
 310  9.9999754355586246e-01
 314  9.9999754355586479e-01
 311  9.9999754355587456e-01
 272  9.9999754355588188e-01
 273  9.9999754355588188e-01
 275  9.9999754355588188e-01
 274  9.9999754355588200e-01
 276  9.9999754355589354e-01
 277  9.9999754355589354e-01
 279  9.9999754355589376e-01
 278  9.9999754355589388e-01
 313  9.9999754355591020e-01
 479  9.9999754355591752e-01
 304  9.9999754355592607e-01
 305  9.9999754355592607e-01
 308  9.9999754355593584e-01
 306  9.9999754355593895e-01
 307  9.9999754355593895e-01
 309  9.9999754355594117e-01
 300  9.9999754355594406e-01
 299  9.9999754355594794e-01
 297  9.9999754355594861e-01
 298  9.9999754355594861e-01
 296  9.9999754355594872e-01
 301  9.9999754355595338e-01
 840  9.9999754355600845e-01
 841  9.9999754355602932e-01
 495  9.9999754355662063e-01
 968  9.9999754355714343e-01
 417  9.9999754355911596e-01
 416  9.9999754355911663e-01
 418  9.9999754355922676e-01
 419  9.9999754355922765e-01
 422  9.9999754355955039e-01
1400  9.9999754356184134e-01
 930  9.9999754356230453e-01
 926  9.9999754356400294e-01
 888  9.9999754356407466e-01
 575  9.9999754356419646e-01
 890  9.9999754356453685e-01
 805  9.9999754356561177e-01
 806  9.9999754356561177e-01
 804  9.9999754356561188e-01
 807  9.9999754356561199e-01
 808  9.9999754356561366e-01
 809  9.9999754356561410e-01
 512  9.9999754356564408e-01
 514  9.9999754356586112e-01
 925  9.9999754356618342e-01
 232  9.9999754356620107e-01
 924  9.9999754356620185e-01
 233  9.9999754356629100e-01
 952  9.9999754356662962e-01
 817  9.9999754356742343e-01
 432  9.9999754356805370e-01
 833  9.9999754356876835e-01
 832  9.9999754356876891e-01
 834  9.9999754356876891e-01
 836  9.9999754356891157e-01
 820  9.9999754356910353e-01
1227  9.9999754356924431e-01
 811  9.9999754356933801e-01
 837  9.9999754356953385e-01
 835  9.9999754356954507e-01
 222  9.9999754356965043e-01
  72  9.9999754356982651e-01
  73  9.9999754356982651e-01
  74  9.9999754356982662e-01
  75  9.9999754356982662e-01
  76  9.9999754356982662e-01
  77  9.9999754356982662e-01
  78  9.9999754356982662e-01
  79  9.9999754356982662e-01
 536  9.9999754357006632e-01
 537  9.9999754357022408e-01
 954  9.9999754357077264e-01
 103  9.9999754357151693e-01
 102  9.9999754357151704e-01
 100  9.9999754357151716e-01
 101  9.9999754357151716e-01
 104  9.9999754357153481e-01
 105  9.9999754357153503e-01
 106  9.9999754357153747e-01
 107  9.9999754357153747e-01
  97  9.9999754357154014e-01
  98  9.9999754357154014e-01
  99  9.9999754357154014e-01
  96  9.9999754357154025e-01
 816  9.9999754357160653e-01
 579  9.9999754357178516e-01
 578  9.9999754357178539e-01
 577  9.9999754357178883e-01
 588  9.9999754357183512e-01
 113  9.9999754357185644e-01
 114  9.9999754357185699e-01
 115  9.9999754357185711e-01
  93  9.9999754357186355e-01
  89  9.9999754357186421e-01
  90  9.9999754357186432e-01
  91  9.9999754357186432e-01
  88  9.9999754357186443e-01
  92  9.9999754357186466e-01
  94  9.9999754357186488e-01
 582  9.9999754357187498e-01
 583  9.9999754357187676e-01
 580  9.9999754357188386e-01
 581  9.9999754357188675e-01
  80  9.9999754357188764e-01
  84  9.9999754357188764e-01
  81  9.9999754357188786e-01
  82  9.9999754357188786e-01
  83  9.9999754357188786e-01
  85  9.9999754357188786e-01
  86  9.9999754357188786e-01
  87  9.9999754357188786e-01
 585  9.9999754357189519e-01
 220  9.9999754357190151e-01
 586  9.9999754357191373e-01
 221  9.9999754357191495e-01
 818  9.9999754357191650e-01
 219  9.9999754357192727e-01
 218  9.9999754357192827e-01
 216  9.9999754357192838e-01
 217  9.9999754357192838e-01
 608  9.9999754357195125e-01
 813  9.9999754357198545e-01
 812  9.9999754357198567e-01
 814  9.9999754357198856e-01
 815  9.9999754357198856e-01
 121  9.9999754357201920e-01
 120  9.9999754357202431e-01
 122  9.9999754357202775e-01
 124  9.9999754357203341e-01
 109  9.9999754357207216e-01
 110  9.9999754357207260e-01
 111  9.9999754357207271e-01
 108  9.9999754357207304e-01
 117  9.9999754357207826e-01
 116  9.9999754357208226e-01
 118  9.9999754357208281e-01
 609  9.9999754357229254e-01
 694  9.9999754357254866e-01
 988  9.9999754357348924e-01
  16  9.9999754357560422e-01
  17  9.9999754357560422e-01
  18  9.9999754357560422e-01
  19  9.9999754357560422e-01
  20  9.9999754357560422e-01
  21  9.9999754357560422e-01
  22  9.9999754357560422e-01
  23  9.9999754357560422e-01
  26  9.9999754357560422e-01
  27  9.9999754357560422e-01
  28  9.9999754357560422e-01
  29  9.9999754357560422e-01
  30  9.9999754357560422e-01
  31  9.9999754357560422e-01
  24  9.9999754357560433e-01
  25  9.9999754357560433e-01
   8  9.9999754357562065e-01
   9  9.9999754357562065e-01
  10  9.9999754357562065e-01
  11  9.9999754357562065e-01
  12  9.9999754357562065e-01
  13  9.9999754357562065e-01
  14  9.9999754357562065e-01
  15  9.9999754357562065e-01
   2  9.9999754357562087e-01
   3  9.9999754357562087e-01
   0  9.9999754357562098e-01
   1  9.9999754357562098e-01
   4  9.9999754357562110e-01
   5  9.9999754357562110e-01
   6  9.9999754357562110e-01
   7  9.9999754357562110e-01
 529  9.9999754357641724e-01
 528  9.9999754357642068e-01
 530  9.9999754357642112e-01
 532  9.9999754357645054e-01
 828  9.9999754357653770e-01
 631  9.9999754357724735e-01
 826  9.9999754357739812e-01
 825  9.9999754357749315e-01
 824  9.9999754357749471e-01
 624  9.9999754357774251e-01
 188  9.9999754357803583e-01
 138  9.9999754357865489e-01
 139  9.9999754357865489e-01
 136  9.9999754357865500e-01
 137  9.9999754357865500e-01
 140  9.9999754357865511e-01
 141  9.9999754357865511e-01
 142  9.9999754357865511e-01
 143  9.9999754357865511e-01
 130  9.9999754357866022e-01
 131  9.9999754357866022e-01
 128  9.9999754357866033e-01
 129  9.9999754357866033e-01
 132  9.9999754357866044e-01
 133  9.9999754357866044e-01
 134  9.9999754357866044e-01
 135  9.9999754357866044e-01
  55  9.9999754357868431e-01
  48  9.9999754357868442e-01
  49  9.9999754357868442e-01
  50  9.9999754357868442e-01
  51  9.9999754357868442e-01
  52  9.9999754357868442e-01
  53  9.9999754357868442e-01
  54  9.9999754357868442e-01
  56  9.9999754357868631e-01
  57  9.9999754357868631e-01
  58  9.9999754357868642e-01
  59  9.9999754357868642e-01
  64  9.9999754357868686e-01
  65  9.9999754357868686e-01
  66  9.9999754357868731e-01
  67  9.9999754357868731e-01
  68  9.9999754357868764e-01
  70  9.9999754357868764e-01
  60  9.9999754357868975e-01
  61  9.9999754357868975e-01
  62  9.9999754357868975e-01
  63  9.9999754357868975e-01
  32  9.9999754357869131e-01
  33  9.9999754357869131e-01
  34  9.9999754357869131e-01
  35  9.9999754357869131e-01
  36  9.9999754357869153e-01
  37  9.9999754357869153e-01
  38  9.9999754357869153e-01
  39  9.9999754357869153e-01
  42  9.9999754357869330e-01
  43  9.9999754357869330e-01
  44  9.9999754357869330e-01
  45  9.9999754357869330e-01
  46  9.9999754357869330e-01
  47  9.9999754357869330e-01
  69  9.9999754357869330e-01
  40  9.9999754357869342e-01
  41  9.9999754357869342e-01
 166  9.9999754357922421e-01
 167  9.9999754357922421e-01
 210  9.9999754357931658e-01
 208  9.9999754357931669e-01
 209  9.9999754357931681e-01
 176  9.9999754357945825e-01
 179  9.9999754357945825e-01
 177  9.9999754357945836e-01
 178  9.9999754357945836e-01
 164  9.9999754357946558e-01
 162  9.9999754357946580e-01
 156  9.9999754357946591e-01
 157  9.9999754357946591e-01
 152  9.9999754357946602e-01
 158  9.9999754357946602e-01
 159  9.9999754357946602e-01
 155  9.9999754357946613e-01
 153  9.9999754357946624e-01
 154  9.9999754357946624e-01
 160  9.9999754357946635e-01
 161  9.9999754357946635e-01
 163  9.9999754357946691e-01
 185  9.9999754357951176e-01
 184  9.9999754357951187e-01
 148  9.9999754357951398e-01
 144  9.9999754357951409e-01
 145  9.9999754357951409e-01
 151  9.9999754357951409e-01
 146  9.9999754357951420e-01
 147  9.9999754357951420e-01
 149  9.9999754357951420e-01
 150  9.9999754357951420e-01
 186  9.9999754357956394e-01
 174  9.9999754357958393e-01
 172  9.9999754357960735e-01
 173  9.9999754357960746e-01
 168  9.9999754357960768e-01
 169  9.9999754357960791e-01
 170  9.9999754357960813e-01
 171  9.9999754357960813e-01
 199  9.9999754357961002e-01
 192  9.9999754357961013e-01
 193  9.9999754357961013e-01
 194  9.9999754357961013e-01
 195  9.9999754357961013e-01
 196  9.9999754357961013e-01
 197  9.9999754357961013e-01
 198  9.9999754357961013e-01
 182  9.9999754357961190e-01
 180  9.9999754357961279e-01
 181  9.9999754357961324e-01
 212  9.9999754357962145e-01
 200  9.9999754357978787e-01
 201  9.9999754357978787e-01
 203  9.9999754357978787e-01
 202  9.9999754357978810e-01
 211  9.9999754357982096e-01
 213  9.9999754357985304e-01
 206  9.9999754357989357e-01
 207  9.9999754357989368e-01
 205  9.9999754357989579e-01
 204  9.9999754357989601e-01
