0 0 0 1 0 0 1 0 0 0 1 0 0 1 0 0 1 0 1 0 1 0 1 0 1 0 1 0 1 0 1 0 1 0 1 0 1 0 1 0 1 0 1 0 1 0 1 0 0 0 1 0 1 0 0 0 1 0 1 0 0 1 0 0 1 0 1 0 1 0 1 0 1 0 1 0 1 0 1 0 1 0 1 0 1 0 1 0 1 0 1 0 0 0 0 1 0 1 0 0 1 0 0 0 1 0 1 0 0 1 0 0 1 0 0 0 0 0 0 0 0 0 0 0 0 0 0 
0 0 1 0 0 1 0 0 1 0 1 0 1 0 1 0 1 0 1 0 1 0 1 0 0 1 0 0 1 0 0 0 1 0 1 0 1 0 1 0 1 0 1 0 1 0 1 0 0 1 0 0 1 0 0 0 1 0 0 0 0 0 0 
0 1 0 0 1 0 1 0 1 0 1 0 0 1 0 0 1 0 1 0 1 0 1 0 0 1 0 0 1 0 0 
0 0 1 0 1 0 0 0 1 0 1 0 0 1 0 
0 1 0 0 1 0 0 
0 1 0 
0 
 239  3.9327991008998176e-22
 247  1.0152173944914550e-21
 255  2.7339274372004089e-21
 235  2.7127293795285334e-18
 251  7.7081783972530588e-18
 192  1.2900151882042701e-16
 254  8.2839010636533612e-16
 253  8.7224498693054403e-16
 189  1.4947471251099211e-15
 238  2.1307408501900429e-13
 250  4.2642366425097930e-13
 249  1.2345284569394079e-12
 252  1.2547835796807042e-12
 246  2.1650074554424074e-12
 245  2.1663145742860520e-12
 215  2.8853385659263225e-12
 243  4.3299675720642974e-12
 237  4.6436898065473634e-12
 231  8.7932789482409637e-12
 223  1.7559818368819250e-11
 234  2.5383141773170696e-11
 233  2.5445128115860702e-11
 229  5.2374611770567572e-11
 190  6.0716161582440008e-11
 183  2.6352263288632977e-10
 214  3.2536750690595553e-10
 187  3.5264472587195310e-10
 175  4.4775546005830491e-10
 188  6.8521120514274485e-10
 185  6.8744399224225270e-10
 182  7.5008057279569223e-10
 159  1.1798101089834215e-09
 174  1.4131909605166180e-09
 158  4.7268008781291297e-09
 127  9.4013597804900832e-09
 248  1.0038248553941349e-07
 244  1.0160789111288046e-07
 242  1.0379881299643976e-07
 241  1.0764141121226440e-07
 236  1.8623678752789412e-07
 230  2.4057028194093227e-07
 227  2.4697013326821955e-07
  95  2.5861531127126114e-07
 222  3.7306900619035386e-07
 221  3.8426218825674958e-07
 232  4.2736375112994162e-07
 228  4.4852310052402304e-07
 226  4.7076076108325997e-07
  94  7.0668383800104966e-07
 220  7.5649205284483728e-07
 213  9.2183281225791754e-07
 211  1.1138498425112022e-06
 203  1.3652583988653373e-06
 186  1.7429546013696039e-06
 212  1.7614349493264599e-06
 207  1.7770446433047471e-06
 181  1.8133751851179207e-06
 210  1.8443179952258323e-06
 179  2.1363979633956168e-06
 173  2.8715400226088931e-06
 171  3.2281437333315217e-06
 184  3.4139600532338426e-06
 180  3.5272864644006484e-06
 178  3.6888218367852272e-06
 172  5.5024288615723440e-06
 170  5.5950451799076258e-06
 167  5.5996121746289627e-06
 157  6.3977026792889465e-06
 155  7.3730340841640160e-06
 202  7.5883231911046660e-06
 166  9.5682368246184457e-06
 126  9.6505883720769209e-06
 156  1.2344366632007225e-05
 154  1.2640113354165585e-05
 151  1.3899967762752141e-05
 143  1.4915042478457790e-05
 150  2.3988419489373517e-05
 125  2.6903217803984924e-05
 119  3.9886356822890575e-05
 124  4.7530127035942103e-05
 142  5.3987051852456848e-05
  93  1.2139473568414709e-04
  91  1.4626432678246606e-04
 225  1.5024849423938945e-04
 118  1.6835633865876294e-04
 240  1.7428494521086495e-04
 219  1.9483497702933332e-04
 218  2.1437520060465221e-04
  87  2.2084486153920086e-04
  92  2.3498123121790652e-04
  90  2.4856158295000365e-04
 217  2.5353709320208642e-04
 209  2.6641405233959661e-04
 224  3.0136769358077314e-04
  79  3.3925833833597252e-04
 206  3.7121661844486428e-04
  86  3.8720284998165283e-04
 205  4.3091863658392367e-04
 208  4.8293317981992724e-04
 201  4.8756707449352176e-04
 177  5.4264140959166490e-04
 169  5.9218820294872163e-04
 165  6.8341239131394229e-04
 199  7.0670117077429543e-04
 200  8.5426172016619300e-04
  78  8.7748483091613081e-04
 153  8.9714548574273848e-04
 163  9.2093729729499400e-04
 176  1.0368887050941150e-03
 197  1.0529314323680986e-03
 168  1.1208280574192856e-03
 149  1.1211713245884022e-03
 164  1.2725595940730119e-03
 162  1.5338437324600100e-03
 147  1.6091375963279441e-03
  63  1.6364689348542100e-03
 196  1.6567433834149784e-03
 152  1.6801630680156462e-03
 141  1.8994982043329684e-03
 148  2.0465607496878060e-03
 146  2.6267165561787566e-03
 123  2.6348785044760896e-03
 139  2.7660823427351202e-03
  62  2.9883038029895059e-03
 122  3.1227068290028198e-03
 140  3.3790981756815462e-03
 121  3.9218510119450618e-03
 135  4.4244671819990656e-03
 117  4.5281169296521422e-03
 138  4.5296542235954019e-03
  89  6.5395987693531322e-03
 115  7.0273898761031095e-03
 116  7.7164144435910940e-03
 134  7.9265325279942959e-03
  85  9.5530462076262312e-03
 114  1.1212143050735262e-02
  88  1.1414745855188304e-02
 111  1.2521408123075627e-02
  83  1.4571493047238059e-02
  84  1.6220689361615699e-02
 216  1.6791231788945933e-02
  77  1.8829259705187864e-02
 204  1.9644164931379288e-02
  82  2.3896892781765301e-02
 198  2.4758813439417524e-02
  31  2.6778837284455383e-02
 161  2.7830810698711107e-02
 107  2.9061450258332924e-02
  75  2.9396148374981574e-02
  76  3.0767934102157283e-02
 195  3.3443121144544709e-02
 145  4.0958735403917257e-02
 106  4.6404167998499293e-02
 160  4.6735574618836706e-02
 194  4.6862552342706525e-02
  74  4.7185302899713406e-02
  61  4.8149903522108635e-02
  71  5.4360628573573495e-02
 137  6.1493300942698517e-02
 144  6.6298970351826456e-02
 193  6.7563776811519885e-02
 120  7.4498724313013395e-02
  59  7.4640650590092422e-02
  60  7.5383089177473397e-02
  70  8.6658406033794697e-02
 133  9.2973599903977425e-02
 136  9.6369361134671733e-02
  58  1.1467719034415662e-01
 113  1.1539672374781458e-01
  55  1.3223910754140519e-01
 131  1.3557495369616898e-01
 132  1.4052114030116875e-01
 112  1.6875740666442388e-01
 110  1.6930088729035350e-01
  81  1.7888606235198901e-01
  54  1.9567406071429752e-01
 130  1.9987101939543772e-01
 109  2.3208015665565135e-01
  47  2.4217378008820056e-01
  30  2.5315309796404062e-01
  80  2.5615747478038231e-01
  73  2.7195744290306462e-01
 105  2.7518791005335924e-01
  46  3.3465039900580390e-01
  29  3.3620726246817212e-01
 104  3.6588591190742936e-01
  72  3.6763894187509366e-01
 103  3.6972039950155000e-01
  69  3.8446429384358094e-01
 191  4.0501218592289367e-01
  28  4.3483217792923690e-01
  57  4.4275997948176909e-01
 102  4.7215492611787624e-01
  68  4.9100461210428259e-01
  67  4.9489570770837488e-01
  56  5.5179513242126210e-01
 129  5.7876860372974781e-01
  25  5.7976115459306676e-01
  53  5.8000345141296017e-01
  66  6.0446455207246097e-01
  99  6.0724498992404619e-01
  52  6.8267928570573844e-01
 128  6.8312385633453465e-01
  51  6.8846658251489845e-01
 108  6.9756015832582174e-01
  19  7.2235746521361544e-01
  45  7.3659996668321603e-01
  50  7.7879709118554141e-01
  44  8.1711786959123012e-01
  27  8.1739998034907801e-01
  43  8.2124599997643499e-01
 101  8.4226307400751854e-01
  26  8.7624855284790226e-01
  42  8.8353762524286084e-01
  39  8.9047517859216541e-01
 100  8.9494557174631617e-01
  65  9.1357095727516602e-01
  24  9.3274260000949938e-01
  38  9.3318079948843691e-01
  23  9.3491119888036367e-01
  98  9.4211926168246907e-01
  64  9.4633724290107746e-01
  22  9.6120071952469344e-01
  97  9.6533664815048925e-01
  18  9.7240293723085103e-01
  49  9.7285730110636603e-01
  17  9.8425482787499330e-01
  48  9.8438180013676713e-01
  15  9.8500540814957338e-01
  14  9.9209351885064223e-01
  41  9.9218693164396776e-01
  40  9.9575890906460229e-01
   8  9.9595570778378328e-01
  37  9.9734187774082306e-01
  36  9.9861373247883378e-01
  35  9.9869858153779068e-01
  21  9.9909972825993476e-01
  34  9.9932387532021405e-01
  20  9.9954112392924865e-01
  96  9.9960140297431044e-01
  16  9.9991609834557182e-01
  13  9.9996801444940864e-01
  12  9.9998433879301618e-01
  11  9.9998751828083654e-01
   9  9.9999390803145027e-01
   6  9.9999569013887668e-01
   5  9.9999781430992452e-01
   3  9.9999875931158644e-01
  33  9.9999915122394534e-01
  32  9.9999921993775287e-01
  10  9.9999929048500014e-01
   4  9.9999929052983527e-01
   7  9.9999929053048087e-01
   2  9.9999929053106040e-01
   0  9.9999929053116088e-01
   1  9.9999929053117309e-01
