0 0 2 0 0 0 2 0 1 0 2 0 2 0 2 0 0 2 0 2 0 2 0 0 2 0 2 0 1 0 2 0 0 1 0 2 0 2 0 2 0 1 0 2 0 2 0 0 0 2 0 2 0 2 0 2 0 2 0 2 0 1 0 0 1 0 1 0 1 0 1 0 2 0 2 0 2 0 1 0 1 0 2 0 2 0 2 0 0 2 0 0 1 0 0 2 0 2 0 0 2 0 2 0 0 2 0 0 1 0 1 0 0 2 0 2 0 2 0 0 1 0 2 0 1 0 2 
0 0 2 0 1 0 2 0 2 0 1 0 2 0 2 0 0 2 0 2 0 2 0 2 0 2 0 2 0 2 0 0 1 0 1 0 1 0 2 0 0 2 0 2 0 0 2 0 1 0 1 0 1 0 0 2 0 0 2 0 0 0 2 
2 0 2 0 2 0 1 0 1 0 1 0 0 2 0 0 2 0 2 0 1 0 0 2 0 2 0 2 0 1 0 
0 2 0 2 0 0 2 0 2 0 2 0 1 0 1 
0 1 0 2 0 2 0 
0 2 0 
1 
 247  2.3543392126499687e-17
 255  2.6776976093215932e-17
 254  3.3164424757343955e-17
 251  6.4823285176284613e-17
 253  3.7793987670281536e-15
 243  3.8192752608450231e-15
 215  4.7753818987056153e-15
 228  5.8257203413748887e-14
 159  4.8804198567287814e-11
 213  2.6286179390467017e-10
 252  3.8653141156807004e-10
 250  3.8912741420508583e-10
 249  3.9126431104723301e-10
 246  7.3097583498540621e-10
 245  7.3318793938698622e-10
 219  1.0098084570790975e-09
 239  1.4518885473113826e-09
 232  1.7024981324019979e-09
 242  1.7593530788342095e-09
 241  1.7693910522193204e-09
 212  2.7332110327227785e-09
 237  3.2637560761165494e-09
 214  1.1187953929203948e-08
 199  1.1219987491839789e-08
 158  1.2715009153182909e-08
 236  1.9232474477492853e-08
 197  3.0133260742603942e-08
 226  4.1259419332872345e-08
 183  4.1927033023365817e-08
 225  4.8602019716900136e-08
 207  1.0939347957642983e-07
 157  1.5860212392525083e-07
 143  2.3461586428872359e-07
 196  2.3812502627036247e-07
 151  2.8749238412074567e-07
 155  6.9314320504388912e-07
 224  1.3257702795498747e-06
 248  4.1280162909329497e-06
 244  4.2025596569584571e-06
 238  4.3371648733107591e-06
 209  8.0271740197215212e-06
 211  8.1354203557994876e-06
 240  8.9104037585808983e-06
 233  9.3706244455650364e-06
 235  1.3645713670537813e-05
 230  1.6390555477776092e-05
 193  1.6640396049844972e-05
 229  1.6916843430522694e-05
 210  1.8454693838713260e-05
 127  1.9140693343185433e-05
 218  2.4413174859858836e-05
 217  2.5215612858903439e-05
 156  2.9326036916247450e-05
 154  3.0050016313752492e-05
 223  3.3971658382702303e-05
 206  3.8693323258847943e-05
 198  4.1103870121237827e-05
 192  4.2069932829277018e-05
  97  4.2462707718033179e-05
 205  5.5483389558582993e-05
 150  5.7149704274209153e-05
 153  7.5721824323535648e-05
 177  8.6294513844038944e-05
 182  8.9871001645428105e-05
 189  9.4176736215684947e-05
 203  9.8157427027034029e-05
 142  1.0563726230236058e-04
 195  1.0661502884431938e-04
 149  1.1995346348460869e-04
  81  1.6916969472841693e-04
 208  2.2263454108298810e-04
 181  2.2601223026971174e-04
 141  2.3102085520084067e-04
 147  2.4429248306751173e-04
 180  2.8300978237628206e-04
 171  4.1190789121405881e-04
 139  4.8266240268357666e-04
 135  6.7247022191942749e-04
 234  1.4596295115005119e-03
 231  1.5896561514835673e-03
 227  1.8321234923018386e-03
 191  1.9247169766157723e-03
 222  2.2367179521213831e-03
 216  2.3831763864668024e-03
 126  2.5833379514671444e-03
 221  2.8798662787126125e-03
 204  2.9246646579518510e-03
 152  2.9672782696964334e-03
  96  2.9991477828816299e-03
 202  3.5316641913448374e-03
 148  3.5615248524552955e-03
 121  4.1832878633881673e-03
 146  4.4463641458169015e-03
  93  4.7275918464831177e-03
 176  5.0551842954733219e-03
 194  5.0875870570398669e-03
 188  5.1128291335579123e-03
 125  5.1485924938024794e-03
 140  5.8594865520244406e-03
 170  5.9056682661678414e-03
  76  6.4310356452121006e-03
  92  6.4414105606421142e-03
 186  6.8822151850967015e-03
 190  7.6394203360438256e-03
 124  7.6461030051494655e-03
 201  7.6975028365930502e-03
 138  7.8496052435469092e-03
 179  8.8295101849918799e-03
  80  9.1230301582208694e-03
 187  1.0193990156098063e-02
 145  1.1221004482262048e-02
 178  1.1739874314430522e-02
 174  1.3149646000056739e-02
  89  1.3831328097019958e-02
 134  1.3832839092110156e-02
  77  1.4955690279790686e-02
 175  1.8473604765220964e-02
 137  1.9760037860176390e-02
 169  2.2436783740061805e-02
 116  2.4837200626203617e-02
  73  2.7450678104414650e-02
 133  3.4522072795715418e-02
 120  4.4632718244004214e-02
 131  5.6551837615190038e-02
 163  6.5258711250664417e-02
 167  6.7625273412390136e-02
 220  6.7965839422882507e-02
  88  8.0260675040410290e-02
 200  8.1854811087543625e-02
  91  8.4482112321479522e-02
 123  9.3727514980465720e-02
 144  9.7929796064335439e-02
 168  1.1892764814195342e-01
  90  1.2053374925684095e-01
  74  1.2125056725905049e-01
  72  1.2589842918398844e-01
 184  1.2639086481478723e-01
 122  1.3298577799168976e-01
 185  1.3753121564336415e-01
 117  1.4090104826056413e-01
 136  1.4318259553632795e-01
  47  1.4663368172018709e-01
 113  1.6653485168295909e-01
  75  1.7900819609741195e-01
 172  1.8491256455375762e-01
 173  2.0016669659593467e-01
 132  2.0599272859931064e-01
  63  2.1560806144713848e-01
 119  2.3733839594053635e-01
  45  2.3989359981876757e-01
 114  2.5437396300012849e-01
  85  2.7220795560682143e-01
  87  2.8142933067212644e-01
 130  2.8338071613197630e-01
 166  2.9798127757942172e-01
  68  3.3606091442891012e-01
  71  3.3871628227450490e-01
  84  3.6180691302054219e-01
 162  3.9816494889874199e-01
  69  4.0459120448093550e-01
 112  4.2699352644351984e-01
 129  4.3183859592991564e-01
 105  4.3493837671265478e-01
 165  4.6478819792393655e-01
 161  4.9373199139940110e-01
 108  5.1477317372601250e-01
 115  5.7426400163589741e-01
  44  5.7514276381788076e-01
  62  5.8072592710454440e-01
  46  5.8131958127267724e-01
  86  6.3232785292504390e-01
 118  6.4759856090169221e-01
  70  6.6351573705450073e-01
 111  6.6710845746390723e-01
  61  7.4159031751904292e-01
  83  7.6095271995551306e-01
 128  8.0280416493304863e-01
  40  8.0663805834085833e-01
  66  8.0702325989874468e-01
  41  8.0847978559500366e-01
 164  8.1066695569226288e-01
 109  8.1462733185239544e-01
  59  8.2472090282269939e-01
  82  8.3204664925814120e-01
 104  8.3570597322171047e-01
  43  8.4899670881116474e-01
  67  8.5662493753320901e-01
  65  8.6985377571040556e-01
  37  8.8304584734885572e-01
  31  8.8860801159712000e-01
 110  8.9016255333589189e-01
  79  8.9024852828478374e-01
  55  8.9233554925444403e-01
 160  8.9636649994708539e-01
 106  9.0790609506455477e-01
 101  9.1477172077294167e-01
  30  9.3377310385579171e-01
 100  9.4870698597133163e-01
  60  9.5287380242413966e-01
  15  9.6515152330991172e-01
  42  9.7106822530969161e-01
  58  9.7634671280664409e-01
 103  9.8017532298820764e-01
  38  9.8798070436470953e-01
 107  9.8917119536905618e-01
  54  9.8967883739389750e-01
  36  9.9139324701745912e-01
  39  9.9328574013008186e-01
  57  9.9379909455687188e-01
  64  9.9440792828070113e-01
  78  9.9597309801454670e-01
  29  9.9734077411748068e-01
  33  9.9775943895158603e-01
  53  9.9783861529693907e-01
  99  9.9841961245441158e-01
  28  9.9864226911769771e-01
  27  9.9873732817474026e-01
  51  9.9894474867416971e-01
 102  9.9917858367714552e-01
  98  9.9918673309231609e-01
  26  9.9937280854067145e-01
  23  9.9942892959648510e-01
  95  9.9958692738105903e-01
  14  9.9959335877898736e-01
  35  9.9968569865293055e-01
  22  9.9971187455313826e-01
  13  9.9982330125181673e-01
  56  9.9988088869143743e-01
  11  9.9993083510976588e-01
   7  9.9996710631680508e-01
  52  9.9997698408064684e-01
  50  9.9999061861977179e-01
  34  9.9999448180690642e-01
  32  9.9999734549508312e-01
  49  9.9999894289782409e-01
  25  9.9999895160121322e-01
  94  9.9999896442289282e-01
  24  9.9999898402835885e-01
  21  9.9999901014564185e-01
  12  9.9999901153181692e-01
  20  9.9999901605944685e-01
  19  9.9999901873369146e-01
  18  9.9999901932342738e-01
  10  9.9999902017063280e-01
   6  9.9999902146261077e-01
   9  9.9999902171046240e-01
   5  9.9999902176506805e-01
  48  9.9999902176630540e-01
  16  9.9999902176877253e-01
  17  9.9999902176879452e-01
   3  9.9999902177111344e-01
   8  9.9999902177704303e-01
   4  9.9999902177711364e-01
   1  9.9999902177716815e-01
   0  9.9999902177716860e-01
   2  9.9999902177724975e-01
