0 0 0 0 0 0 0 0 0 0 0 0 0 0 1 0 1 0 0 1 0 0 0 1 0 0 0 0 0 1 0 1 0 0 1 0 0 0 1 0 0 0 1 0 0 0 0 0 0 1 0 0 1 0 1 0 0 0 1 0 1 0 1 0 0 0 0 0 1 0 1 0 0 1 0 0 1 0 0 0 0 0 1 0 0 0 0 1 0 0 1 0 1 0 1 0 0 0 1 0 0 1 0 0 1 0 1 0 1 0 1 0 1 0 1 0 1 0 1 0 0 1 0 0 1 0 0 1 0 0 0 1 0 0 0 0 0 1 0 1 0 0 1 0 0 1 0 1 0 0 1 0 1 0 1 0 1 0 1 0 1 0 1 0 1 0 1 0 1 0 1 0 1 0 1 0 1 0 1 0 1 0 1 0 1 0 1 0 1 0 1 0 0 0 1 0 1 0 1 0 1 0 1 0 1 0 1 0 1 0 1 0 1 0 1 0 1 0 1 0 1 0 1 0 1 0 1 0 1 0 1 0 1 0 1 0 1 0 1 0 1 0 1 0 1 0 1 0 1 0 1 0 1 0 0 0 1 0 1 0 1 0 1 0 1 0 1 0 1 0 1 0 1 0 1 0 1 0 1 0 1 0 1 0 1 0 1 0 1 0 1 0 1 0 1 0 1 0 1 0 1 0 1 0 1 0 1 0 1 0 1 0 1 0 1 0 1 0 0 0 1 0 1 0 1 0 1 0 1 0 1 0 1 0 1 0 1 0 1 0 1 0 1 0 1 0 1 0 1 0 0 0 1 0 1 0 1 0 1 0 1 0 1 0 0 0 0 0 1 0 1 0 0 0 0 0 0 0 0 0 0 0 0 0 0 1 0 1 0 0 1 0 0 0 1 0 0 1 0 0 1 0 1 0 1 0 1 0 1 0 1 0 1 0 1 0 1 0 1 0 1 0 1 0 1 0 1 0 1 0 1 0 0 0 1 0 1 0 0 0 1 0 1 0 0 1 0 0 1 0 1 0 1 0 1 0 1 0 1 0 1 0 1 0 1 0 1 0 1 0 1 0 1 0 1 0 0 0 0 0 0 1 0 0 1 0 0 0 1 0 0 0 0 1 0 0 1 0 0 0 0 0 0 0 1 0 1 0 1 0 0 0 1 0 1 0 1 0 1 0 1 0 1 0 1 0 1 0 1 0 1 0 1 0 1 0 1 0 1 0 1 0 1 0 1 0 1 0 1 0 1 0 1 0 1 0 1 0 0 0 1 0 1 0 1 0 0 0 1 0 0 0 0 0 0 0 1 0 1 0 1 0 1 0 1 0 1 0 1 0 0 0 1 0 1 0 1 0 0 0 1 0 0 0 0 0 0 0 1 0 1 0 1 0 0 0 1 0 0 0 0 0 0 0 1 0 0 0 0 0 0 0 0 0 0 0 0 0 0 0 1 0 1 0 1 0 1 0 1 0 1 0 1 0 0 0 1 0 1 0 1 0 0 0 1 0 0 0 0 0 0 0 1 0 1 0 1 0 0 0 1 0 0 0 0 0 0 0 1 0 0 0 0 0 0 0 0 0 0 0 0 0 0 0 1 0 1 0 1 0 0 0 1 0 0 0 0 0 0 0 0 0 0 0 0 0 0 0 0 0 0 0 0 0 0 0 0 0 0 0 0 0 0 0 0 0 0 0 0 0 0 0 0 0 0 0 0 0 0 0 0 0 0 0 0 0 0 0 0 0 0 0 1 0 1 0 1 0 1 0 0 1 0 1 0 1 0 0 1 0 1 0 0 0 1 0 1 0 0 0 1 0 1 0 1 0 0 0 1 0 0 0 0 0 0 0 0 1 0 0 1 0 0 0 1 0 0 0 0 0 0 0 1 0 1 0 1 0 0 0 1 0 0 0 0 0 0 0 0 0 0 0 0 0 0 0 0 0 0 0 0 0 0 0 0 1 0 0 1 0 1 0 0 0 0 0 0 0 0 0 0 0 0 0 0 0 0 0 0 0 0 0 0 0 0 0 1 0 1 0 0 0 0 0 0 0 0 0 0 0 0 0 0 0 0 0 0 0 0 0 0 0 0 0 0 0 0 0 0 0 0 0 0 0 0 0 0 0 0 0 0 0 0 0 0 0 0 0 0 0 0 0 0 0 0 0 0 0 0 0 0 0 0 0 0 0 0 0 0 0 0 0 0 0 0 0 0 0 0 0 0 0 0 0 0 0 0 0 0 0 0 0 0 0 0 0 0 0 0 0 0 0 0 0 0 0 0 0 0 0 0 0 0 0 0 0 0 0 0 0 0 0 0 
0 0 0 0 0 0 0 1 0 0 0 0 1 0 0 0 1 0 1 0 0 1 0 0 0 0 1 0 1 0 1 0 0 0 1 0 0 1 0 0 1 0 0 0 1 0 1 0 0 1 0 0 1 0 1 0 1 0 1 0 0 1 0 0 0 0 0 1 0 0 1 0 0 0 1 0 1 0 1 0 1 0 1 0 1 0 1 0 1 0 1 0 1 0 1 0 1 0 1 0 1 0 1 0 1 0 1 0 1 0 1 0 1 0 1 0 1 0 1 0 1 0 1 0 1 0 1 0 1 0 1 0 1 0 1 0 1 0 1 0 1 0 1 0 1 0 1 0 1 0 1 0 1 0 1 0 1 0 1 0 1 0 1 0 1 0 1 0 1 0 1 0 1 0 1 0 1 0 1 0 1 0 0 0 1 0 1 0 0 0 0 0 0 0 1 0 0 1 0 0 1 0 1 0 1 0 1 0 1 0 1 0 1 0 1 0 0 1 0 0 1 0 0 0 1 0 1 0 1 0 1 0 1 0 1 0 1 0 1 0 0 1 0 0 1 0 0 0 1 0 0 0 1 0 1 0 1 0 1 0 1 0 1 0 1 0 1 0 1 0 1 0 1 0 1 0 1 0 1 0 1 0 1 0 1 0 0 0 1 0 1 0 1 0 1 0 1 0 1 0 1 0 0 0 1 0 1 0 1 0 0 0 1 0 0 0 0 0 0 0 1 0 1 0 1 0 1 0 1 0 1 0 1 0 0 0 1 0 1 0 1 0 0 0 1 0 0 0 0 0 0 0 1 0 1 0 1 0 0 0 0 0 0 0 0 0 0 0 0 0 0 0 0 0 0 0 0 0 0 0 0 0 0 0 0 0 1 0 1 0 0 1 0 0 1 0 0 1 0 0 1 0 1 0 1 0 0 0 0 1 0 0 1 0 0 0 1 0 1 0 1 0 0 0 0 0 0 0 0 0 0 0 0 1 0 1 0 0 0 0 0 0 0 0 0 0 0 0 1 0 0 0 0 0 0 0 0 0 0 0 0 0 0 0 0 0 0 0 0 0 0 0 0 0 0 0 0 0 0 0 0 0 0 0 0 0 0 0 0 0 0 0 0 0 0 0 0 0 0 0 0 0 0 0 0 0 0 0 0 0 0 
0 1 0 0 0 0 1 0 1 0 0 0 1 0 1 0 0 1 0 1 0 0 1 0 0 0 1 0 1 0 0 0 0 0 1 0 1 0 1 0 1 0 1 0 1 0 1 0 1 0 1 0 1 0 1 0 1 0 1 0 1 0 1 0 1 0 1 0 1 0 1 0 1 0 1 0 1 0 1 0 1 0 1 0 1 0 1 0 1 0 1 0 1 0 1 0 0 1 0 0 1 0 1 0 1 0 1 0 0 1 0 0 1 0 1 0 1 0 1 0 0 1 0 0 1 0 1 0 1 0 1 0 1 0 1 0 1 0 1 0 1 0 1 0 1 0 1 0 1 0 1 0 1 0 1 0 1 0 0 0 1 0 1 0 1 0 1 0 1 0 1 0 1 0 0 0 1 0 1 0 0 0 0 0 0 0 0 0 0 0 1 0 0 1 0 1 0 1 0 0 1 0 1 0 0 1 0 0 1 0 1 0 0 0 0 0 0 1 0 0 0 0 0 0 1 0 1 0 0 0 0 0 0 0 0 0 0 0 0 0 0 0 0 0 0 0 0 0 0 0 0 0 0 0 0 
0 0 0 1 0 0 1 0 0 0 1 0 0 1 0 0 1 0 1 0 1 0 1 0 1 0 1 0 1 0 1 0 1 0 1 0 1 0 1 0 1 0 1 0 1 0 1 0 0 0 1 0 1 0 0 0 1 0 1 0 0 1 0 0 1 0 1 0 1 0 1 0 1 0 1 0 1 0 1 0 1 0 1 0 1 0 1 0 1 0 1 0 0 0 0 1 0 1 0 0 1 0 0 0 1 0 1 0 0 1 0 0 1 0 0 0 0 0 0 0 0 0 0 0 0 0 0 
0 0 1 0 0 1 0 0 1 0 1 0 1 0 1 0 1 0 1 0 1 0 1 0 0 1 0 0 1 0 0 0 1 0 1 0 1 0 1 0 1 0 1 0 1 0 1 0 0 1 0 0 1 0 0 0 1 0 0 0 0 0 0 
0 1 0 0 1 0 1 0 1 0 1 0 0 1 0 0 1 0 1 0 1 0 1 0 0 1 0 0 1 0 0 
0 0 1 0 1 0 0 0 1 0 1 0 0 1 0 
0 1 0 0 1 0 0 
0 1 0 
0 
1503  0.0000000000000000e+00
1839  0.0000000000000000e+00
1879  0.0000000000000000e+00
1886  0.0000000000000000e+00
1887  0.0000000000000000e+00
1911  0.0000000000000000e+00
1915  0.0000000000000000e+00
1918  0.0000000000000000e+00
1919  0.0000000000000000e+00
1951  0.0000000000000000e+00
1975  0.0000000000000000e+00
1979  0.0000000000000000e+00
1981  0.0000000000000000e+00
1982  0.0000000000000000e+00
1983  0.0000000000000000e+00
2007  0.0000000000000000e+00
2015  0.0000000000000000e+00
2031  0.0000000000000000e+00
1967  6.5523939951168969e-40
1855  2.1048370471554893e-39
1543  5.3114731553394507e-38
2039  9.1263523908373655e-38
1917  1.5814866717070115e-37
2030  3.0725427749326103e-37
2047  4.4401289284750859e-37
1539  1.2425533659155709e-36
2027  3.5530353006156635e-36
1487  3.7139729036912844e-36
1885  7.6650610100602690e-36
1980  2.0498370592477345e-35
2043  4.8731926861538437e-35
1471  5.6127059766568225e-35
2035  6.3278097145535422e-35
2045  6.8316594580379519e-35
1519  8.5711761088625373e-35
2046  4.4207843303049878e-34
1883  8.5952157601974896e-34
1999  1.1267818860102393e-33
1950  1.3315996838738238e-33
1727  3.5841132887357556e-33
1791  7.0451693799136298e-33
1542  1.9356487536221532e-32
1903  2.9548076732573912e-32
1399  3.2868486677627598e-32
1935  4.3701251250994265e-32
1916  1.9775775190284746e-31
1884  3.5820187578773483e-31
1974  4.3260868288502048e-31
1541  9.6731566609871943e-31
1995  1.0311124829916400e-30
1971  1.0994161314263152e-30
1871  2.0715047540732963e-30
1775  2.9740831193531393e-30
1910  4.5370671107248234e-30
1463  7.2519396129325067e-30
1947  8.9501891759385823e-30
1838  9.6683159331876368e-30
1271  1.9891216283878383e-29
1907  3.8112700644601505e-29
1899  4.6116010647323886e-29
2011  5.0944313198914667e-29
1854  8.5082329448218764e-29
2029  9.5021742308625285e-29
2006  1.4359607630863924e-28
1531  1.9733225416111644e-28
1978  2.3202534261342400e-28
2005  2.3771884380328347e-28
2003  2.7309864496589122e-28
1851  3.7857123437824512e-28
1977  4.2146227696295041e-28
2023  4.3161012105200807e-28
1878  7.0092968715775461e-28
1767  9.6693069561849429e-28
1823  1.3069651746142121e-27
1875  1.3130804825504643e-27
1726  1.6867647710094264e-27
1867  2.1648599351855831e-27
1407  2.2034361694747283e-27
1914  2.3265421537486010e-27
1913  2.3294190222154016e-27
1963  2.6653690564639395e-27
2014  4.7118801166915771e-27
1949  6.6154143827336881e-27
1511  6.8629410726843345e-27
1540  1.0182351866646025e-26
1835  1.2190167486564967e-26
2013  1.3585380590433705e-26
1703  2.6914183431903179e-26
1787  5.3944134082890712e-26
1966  7.3152737553097146e-26
1486  7.5748750475131155e-26
2038  1.1104723504446415e-25
1725  1.2990555286642218e-25
1877  2.8183309015570709e-25
1695  4.1164429587988828e-25
1723  4.5910610117689134e-25
1711  4.8654307982958872e-25
1470  6.0889477534374875e-25
1538  8.1864019830987125e-25
1447  8.3808787029131038e-25
1502  8.6001590497625937e-25
1537  9.6143629328323198e-25
1501  1.4150339711051655e-24
1882  2.0312273282548276e-24
1881  2.1595867172264343e-24
1853  2.8138050442075827e-24
2019  4.3907180327000243e-24
1790  4.4613053457670102e-24
2042  6.0402837178379077e-24
2037  9.9379117373077638e-24
1507  9.9964331864282696e-24
1499  1.0332525590700380e-23
1439  1.2443486778856654e-23
2044  1.2635421499659058e-23
2028  1.3740143475145495e-23
1455  1.5136007654362502e-23
1837  1.6700840454978354e-23
1467  1.7732335499258987e-23
2012  1.8057817039517328e-23
2041  2.4179380052601650e-23
1973  3.1704541387820103e-23
1631  3.2251800253939296e-23
1375  5.0979789240231947e-23
1483  7.7693597923978574e-23
1391  7.8870770720320775e-23
1510  1.9411279945057594e-22
1403  2.6040317426157686e-22
1515  3.4274835437628093e-22
1469  4.5667188959486225e-22
1007  4.7063872480628564e-22
1395  4.7669868897236287e-22
1909  6.1665236442036653e-22
1719  7.2999592107604355e-22
2021  7.6099094603521319e-22
2022  8.1965770526929141e-22
1459  8.4617765629901652e-22
2026  9.2490207134835317e-22
1485  1.0091374743826538e-21
1263  1.0214416686141513e-21
1247  1.6819445433632729e-21
1518  1.7235386153423320e-21
2025  2.1096688741978199e-21
1912  3.1462481915253458e-21
1517  3.6654852460238271e-21
1998  5.3057434253669091e-21
1789  6.6673346290043223e-21
1663  7.2012179366835633e-21
1976  8.1217091707643861e-21
1406  9.3312695683329935e-21
 767  9.7598240203358094e-21
1991  1.0610493791114202e-20
1691  1.2591851441078361e-20
1279  1.3803197142328098e-20
2036  1.7159128122907872e-20
1462  2.2832785774171312e-20
2040  2.3504235996182777e-20
1997  2.3866363087643387e-20
1831  2.6372383024179302e-20
2010  2.7626643443789913e-20
2034  3.2178492200822200e-20
1530  3.4877131331014570e-20
2033  3.7672613869189975e-20
1959  5.9353465864297878e-20
2009  6.3831373713491478e-20
1948  6.4969493458531665e-20
1267  7.2320673448365610e-20
1965  8.8321380194519429e-20
1398  9.6247449918931466e-20
1902  1.0374870704854342e-19
1479  1.0625251406730012e-19
1943  1.2176980734991973e-19
1435  1.6390528519279582e-19
1972  1.9698206869484968e-19
1895  2.0748191279438774e-19
1970  2.1011765372237467e-19
1523  2.1037547511035905e-19
1387  2.9799273741930738e-19
1901  2.9847257093809353e-19
1994  3.2154742799547755e-19
1946  3.3555354914871562e-19
1211  3.3578663299700362e-19
1969  3.7935911910693050e-19
1993  4.3888663157776510e-19
1934  5.1968724840983252e-19
1371  6.2327109035897055e-19
1989  6.4309545000202390e-19
1870  6.4812375887160553e-19
1343  7.5342108700084008e-19
1627  7.6873959453711281e-19
1945  9.4259236284008755e-19
1847  1.0068985758523764e-18
1964  1.0440892130619544e-18
1405  1.0815898275758645e-18
1962  1.1997095940284008e-18
1819  1.2223167412941516e-18
1270  1.2807652712964424e-18
1863  1.2972605067664458e-18
1023  1.4493314960976781e-18
1961  1.6216858898894768e-18
1275  1.7623572737431367e-18
1996  1.8732552516042501e-18
1933  1.8909445400191471e-18
1529  1.9608634169890762e-18
1783  2.1324502237009036e-18
1957  2.1937647078065312e-18
1774  2.5926570335787683e-18
1259  2.7023028513773547e-18
1869  2.7153164296419055e-18
1339  3.1074363438677287e-18
1715  3.3106505141380541e-18
1990  3.4360242541126895e-18
 763  3.9394693545939817e-18
1898  3.9858485066266206e-18
1927  4.1563629627245889e-18
1941  4.4905071621467080e-18
1908  5.0127530083951277e-18
1897  5.1618621943443492e-18
1987  5.6386746730176422e-18
1893  7.9717011724692930e-18
1852  8.4404209662150649e-18
1003  8.6553523921231775e-18
1215  9.6517202396812685e-18
1243  1.0363189816584992e-17
1147  1.1311803805051853e-17
1718  1.3682542063202971e-17
1958  1.5269997281505581e-17
1850  1.7639705600269626e-17
1773  2.0232286525876888e-17
1880  2.1701773529019009e-17
1906  2.2313683814274755e-17
1509  2.3400163783922067e-17
1516  2.4918039733237121e-17
1900  2.6626312212109236e-17
1849  2.7220388168498754e-17
1876  2.8705525278317030e-17
1955  2.9353074414610160e-17
1942  3.0815443162636309e-17
1845  3.1898837732322123e-17
1788  3.2425137707900240e-17
1866  3.3052479480359177e-17
1874  3.4110945144538507e-17
1822  3.5096409705251286e-17
1021  3.5603132660650098e-17
1873  3.7588413987661277e-17
1717  3.8987786040305978e-17
1905  4.0017721695795829e-17
1495  4.3777770623060475e-17
1865  4.4160399358273876e-17
1461  4.7358798055341667e-17
1894  5.2007980031462743e-17
1751  5.7838972554510123e-17
1939  5.9196125898303265e-17
2008  6.4392136526859382e-17
1724  6.5768443748480645e-17
1861  6.6128878006796176e-17
1514  7.1138281145606558e-17
1821  7.1638482561675506e-17
1836  9.3690900796264203e-17
1891  9.9867088333260293e-17
1834  1.1955633159260472e-16
1931  1.2047008560114728e-16
1807  1.4543334369063523e-16
1833  1.4624777295646218e-16
1513  1.4648454926370362e-16
1781  1.4803409828676331e-16
1830  1.5887861956910517e-16
1815  1.7454999926459043e-16
1278  1.8232904279713646e-16
1829  1.8412680009565176e-16
1868  1.9204414158166992e-16
2004  2.3030221793639668e-16
1846  2.4015305104297347e-16
 766  2.6531998786151261e-16
 765  2.6812818998285515e-16
1817  2.8201819573852998e-16
 751  3.0961915932591061e-16
1862  3.5757915924677775e-16
 759  3.6967982220867427e-16
2002  4.1227502616756815e-16
1818  4.3690099071460171e-16
1843  4.5682879893190638e-16
1766  4.9639676305856917e-16
2001  5.0557599655402074e-16
 959  5.2762116654854241e-16
1759  5.2899293118029685e-16
1397  5.3135816048094745e-16
1859  6.0435602014315385e-16
1811  6.3698056250534093e-16
1655  6.6040438520266363e-16
1782  6.7184726739273539e-16
1803  7.4724871245171422e-16
1765  7.7487555098342486e-16
 735  9.3861956390317109e-16
1827  9.7442414562162082e-16
1151  1.0249823626281431e-15
1536  1.0320083822441315e-15
 761  1.1044327175896325e-15
1694  1.3024849650920314e-15
1779  1.3046478241125471e-15
1710  1.3397349910225955e-15
1709  1.3404845922487450e-15
 755  1.4264250885252883e-15
1786  1.7840447912444415e-15
 762  1.9096905183640370e-15
1468  2.1244431555501726e-15
1022  2.4027149880816112e-15
1500  2.4393575109887590e-15
1498  2.4408462184750764e-15
1497  2.4418410928886020e-15
1699  2.5470590646912704e-15
1771  2.5721591496035265e-15
1528  2.5807749994455738e-15
1491  2.8594187975381892e-15
1693  3.3778262836059571e-15
1277  4.1039801298426688e-15
1713  4.2944385932495475e-15
 731  4.3844736800019944e-15
 957  4.5364923476181308e-15
1702  4.7315655297512261e-15
1522  5.0599688664328241e-15
 749  5.1006429985978087e-15
1679  5.4355554253834680e-15
1687  5.5021231323372534e-15
1662  5.6287611378203010e-15
1466  5.7042345114478343e-15
1465  5.7047901615579294e-15
1493  6.1881350339093206e-15
1714  6.6007780905434616e-15
1721  6.6082858350089574e-15
2032  6.6276939357289165e-15
1716  6.6635721130770773e-15
1685  6.7671079147720263e-15
1404  6.7855661694863784e-15
2024  6.9780554672187262e-15
1701  7.4266415864828810e-15
1451  8.0517664156192772e-15
1659  8.1629405452358915e-15
1747  8.2756439731890670e-15
1506  8.3002019383614632e-15
1505  8.4769211655725319e-15
1785  8.7505699892653896e-15
1438  9.1877414077528771e-15
1484  9.3014930919313617e-15
1763  9.8523610747526862e-15
1454  1.0415090315418045e-14
1453  1.0423997083194261e-14
1269  1.0808730696075848e-14
2020  1.1097792135274227e-14
1475  1.1122934774773963e-14
1707  1.1227678237904449e-14
1512  1.2016107690402358e-14
1508  1.2612578681384786e-14
2018  1.2999573023874643e-14
2017  1.3246171402667994e-14
1689  1.3965854643064470e-14
1521  1.4003447393888776e-14
1482  1.4053541421521820e-14
1481  1.4057322217418640e-14
1460  1.5645614555022804e-14
1722  1.8951706938609506e-14
1431  1.9212223341234831e-14
1494  2.1165829955264625e-14
1477  2.2159922975058858e-14
1690  2.4149702651944708e-14
1437  2.4412285840670054e-14
1457  2.4503841997044936e-14
1374  2.4613657145266388e-14
1630  2.5838576641931587e-14
1446  2.8912187078688008e-14
1390  2.9905273890923535e-14
1389  2.9935189096991046e-14
1478  3.0233630075168950e-14
1458  3.5628248676476577e-14
 701  3.6441991195008721e-14
1677  3.8669699847041585e-14
1423  3.9687067107932527e-14
1421  4.5283609357077293e-14
1445  4.5614997715894563e-14
1653  4.8054951871324681e-14
1367  5.7869811159308503e-14
1381  6.0120578232698212e-14
1383  6.1085805939442562e-14
1373  6.6774740058785985e-14
1394  6.9767732157602059e-14
1393  7.5199250229727485e-14
1443  7.8978758890023006e-14
1623  9.8556244860620230e-14
1359  1.0172973059200218e-13
1386  1.0358695476643417e-13
1429  1.1278792664318050e-13
1396  1.1593902761664211e-13
1342  1.1748795920956064e-13
1433  1.3456967117887230e-13
1385  1.4611061008748604e-13
1615  1.6268875973036313e-13
1262  1.6640254345877642e-13
1261  1.6663559673985174e-13
1006  1.7455998316063417e-13
1629  1.9332956590053846e-13
1246  2.0459275149680630e-13
1335  2.2485728135077690e-13
1357  2.3957356375130888e-13
 703  3.0589585120048501e-13
1255  3.1897529667393420e-13
1613  3.4267701120476168e-13
1327  3.5815672649200586e-13
1434  3.5969682700941028e-13
1365  3.6554048092699344e-13
1621  4.3035927527881644e-13
1369  4.5870238923881293e-13
1239  5.2157915014333438e-13
1015  5.2363236571862329e-13
1245  5.5083354580550658e-13
1625  5.9616863687900061e-13
 639  6.7135647735871790e-13
1599  7.4777233748119981e-13
1231  8.5053933466841662e-13
1266  9.0297482199510305e-13
1575  9.3002209476493901e-13
1276  9.8506410276173977e-13
1265  1.0774607547779981e-12
1333  1.0839849700136232e-12
1253  1.0959655244514170e-12
1214  1.0968222282992101e-12
1661  1.1687477091310361e-12
1370  1.2899620797944999e-12
1626  1.4605870394212997e-12
1337  1.5459824931268227e-12
1257  1.5532425890212910e-12
1311  1.5865455829927676e-12
1904  1.7049825360404739e-12
1402  1.7561032825641897e-12
1401  1.7561048970157648e-12
1241  2.0256422170335236e-12
 637  2.1788736714185673e-12
1325  2.4677395181832998e-12
1207  2.5594056600859528e-12
1268  2.7751341762760833e-12
1242  2.7904960320244250e-12
1237  2.8774837550915569e-12
1258  3.2525922928154470e-12
2000  3.4192748429840477e-12
1338  3.8039025296978202e-12
1199  3.8087062486892730e-12
1229  5.9161762793592905e-12
1587  6.1175981607573541e-12
1005  6.8414249428120002e-12
1210  7.0088091882105108e-12
1209  7.0160926210537113e-12
1014  7.5480084053173623e-12
1309  9.4155316086438747e-12
1992  9.8767123768963717e-12
1988  9.9001762884922692e-12
1986  9.9404964975261927e-12
2016  1.0001661562603769e-11
1985  1.0021112218165436e-11
 983  1.1238325471281090e-11
1205  1.4117486134292251e-11
1341  1.4736232585698033e-11
1183  1.4994740420832403e-11
1968  1.7319985713287364e-11
1960  1.7330467921059594e-11
1956  1.7351162446964626e-11
1954  1.7392523885281007e-11
1953  1.7475153046366793e-11
 999  1.9461975210579565e-11
1213  2.2128964666351161e-11
1143  2.2892638811086465e-11
1150  2.3100284654209420e-11
1720  2.3131735532376856e-11
1197  2.8111439746884088e-11
1944  3.4639620358225786e-11
1940  3.4661754255898718e-11
1938  3.4704980895789008e-11
1937  3.4791244902945094e-11
1135  3.5060299234126846e-11
1896  3.7149465789420584e-11
1892  3.7282925764554679e-11
1890  3.7421879961767891e-11
1889  3.7699463371879578e-11
 991  3.9206079332599790e-11
1002  5.1217133401865691e-11
1001  5.1382243304589800e-11
1146  6.1034286951889606e-11
1145  6.1128478019296521e-11
1932  6.9277305615593687e-11
1930  6.9325830857579427e-11
1929  6.9418706196555065e-11
1848  7.0346831875012778e-11
1844  7.0683718588459942e-11
1842  7.0916541976393577e-11
1841  7.1379941733738893e-11
1274  9.3932447182089908e-11
1181  9.4422628983224203e-11
 997  1.0585157080911239e-10
 958  1.1692037803963640e-10
1141  1.2435735937859884e-10
1119  1.2728590612267462e-10
1926  1.3854741442147103e-10
1925  1.3866169143143142e-10
1784  1.4065791087404009e-10
1820  1.4259367183728850e-10
1273  1.5524035471796753e-10
1872  2.0306505035777772e-10
1864  2.0356602788964323e-10
1860  2.0393930841613896e-10
1858  2.0467270536320077e-10
1857  2.0613254677302065e-10
1750  2.1933834931438466e-10
1019  2.2848051103480958e-10
1133  2.3498783124383798e-10
 509  2.4749452269774593e-10
1923  2.7707129940885042e-10
1772  2.8574706053045341e-10
1770  2.8635972830361207e-10
1806  2.8710893484320524e-10
1769  2.8754258015930107e-10
1805  2.8865317371329529e-10
1780  3.5938925401167776e-10
1778  3.5995040779231197e-10
1777  3.6106259174867615e-10
 750  3.8069146674492067e-10
1814  3.9990345918355908e-10
1813  4.0029182654806028e-10
1832  4.1899742485175068e-10
1828  4.1999494832710795e-10
1826  4.2080411202693784e-10
1825  4.2241017358019426e-10
1149  4.2400233689919634e-10
1117  4.4289296083765764e-10
 981  4.7707482736602304e-10
1520  4.8574211625175818e-10
 951  4.8854028433044804e-10
 758  5.1836777662769577e-10
 757  5.1940616268491094e-10
1816  5.4219274911471855e-10
 511  5.7568044829623010e-10
1799  5.7631064881545518e-10
1758  6.1949323671908877e-10
 734  6.2235672808188182e-10
1757  6.2353084029703646e-10
1810  6.2992516602835402e-10
1087  6.5503494252751503e-10
1764  6.6667788341041591e-10
1762  6.7011967750033306e-10
1761  6.7470237641774403e-10
 955  6.9450031850645800e-10
1802  7.3220373196361478e-10
1801  7.4409403698292258e-10
 743  7.8436223249767897e-10
1809  8.7308213906675381e-10
 956  8.8585924984653964e-10
 764  8.9345507127387716e-10
 943  9.6691756119668374e-10
 953  1.0085996672662899e-09
 760  1.0147717641136631e-09
 754  1.0179498692186771e-09
 753  1.0226696898453280e-09
 747  1.0657399481626018e-09
 748  1.0991672082710602e-09
1628  1.1559444938211344e-09
 927  1.1684608873676896e-09
1692  1.1771629556557159e-09
1755  1.2436364185218645e-09
 727  1.2579934439915877e-09
 950  1.2827909072401377e-09
 745  1.3716738825103163e-09
1749  1.3989118606402098e-09
1798  1.4105668707365418e-09
1708  1.4529363451475524e-09
1706  1.4564134317158523e-09
1705  1.4631974677294856e-09
1020  1.5757637041220293e-09
 733  1.6141157808343585e-09
 742  1.7381349696162731e-09
1739  1.7474715766280801e-09
 730  1.8982652613607835e-09
1018  1.9941824628687679e-09
1464  2.1082136682160511e-09
1678  2.3791322822419643e-09
1660  2.5394377739226864e-09
1712  2.6029811509262363e-09
1700  2.6556691086548535e-09
 719  2.6632717173861323e-09
1675  2.6741882823424552e-09
1745  2.6903981666854447e-09
1746  2.6933007029679654e-09
1496  2.8211361685309993e-09
1698  2.8246732712609858e-09
1492  2.8273442222361124e-09
 702  2.8281845072592467e-09
1490  2.8395828873155988e-09
1697  2.8494906226517724e-09
1688  2.8541183798184172e-09
1489  2.8638931865251860e-09
1686  2.8739129082307343e-09
1743  2.9010081496269754e-09
 942  2.9095764008938533e-09
1683  2.9391038084292251e-09
 726  3.0860860868267745e-09
1086  3.1920642866818420e-09
 729  3.3632114491206934e-09
1684  3.4250288140424627e-09
1400  3.5951566904620029e-09
1682  3.9260369050039862e-09
1436  4.3394268889376021e-09
1671  4.7950891745129081e-09
1676  4.8383369915966142e-09
1674  4.8564848668777391e-09
1430  5.0567586381233650e-09
 695  5.0750786454225572e-09
1427  5.0831989336082627e-09
1654  5.1272853721438377e-09
1504  5.4816924394243746e-09
1480  5.4995620066023991e-09
1476  5.5274307349110631e-09
1474  5.5744927847961498e-09
1473  5.6677756995618634e-09
1452  5.8158666817747497e-09
1658  5.8189276087579931e-09
1450  5.8293136115180089e-09
1657  5.8445131389534850e-09
1449  5.8555301698114236e-09
 699  5.8593102188025335e-09
1456  6.0008097624332641e-09
1643  6.6930717935947324e-09
1651  6.7358424906461458e-09
 718  7.0273152768863927e-09
 671  7.1902086785509450e-09
 700  7.2287701481824519e-09
1444  7.4650031450128234e-09
1442  7.6815705682982445e-09
1372  7.6853470133005088e-09
1441  7.8236389033562921e-09
 698  8.2160714037805299e-09
1422  8.8704509126448858e-09
1432  9.5100846277326008e-09
1428  9.5440332330607034e-09
1426  9.6086562300972923e-09
1670  9.7110587399322704e-09
1366  9.8707957487832502e-09
1363  9.9628636662720902e-09
1419  1.0212186612297304e-08
 926  1.0417119351932564e-08
1388  1.0555396793109878e-08
1652  1.0573458290681243e-08
1382  1.0818316958239886e-08
1647  1.0894547316568015e-08
1379  1.1057225384195120e-08
1650  1.1061763859078294e-08
1392  1.1305941941536774e-08
1738  1.1537020389941468e-08
 687  1.1624475198018838e-08
1622  1.1955113765658867e-08
1272  1.2833874581585734e-08
 638  1.3327233745196989e-08
1619  1.3366585021878672e-08
 694  1.3402526062270162e-08
1384  1.3686240075131478e-08
1358  1.5413492192719744e-08
1380  1.5552222232349777e-08
1340  1.6190742911443867e-08
1378  1.7094244103545710e-08
1614  1.7630901974171123e-08
1415  1.8042725502247104e-08
1368  1.8386497261928785e-08
1364  1.8469364071940138e-08
1362  1.8627675862230858e-08
1420  1.9220454605421122e-08
1418  1.9285669604908359e-08
1355  1.9713206810772061e-08
1624  2.0726986753169414e-08
1620  2.0884448520086582e-08
 895  2.1054759803850190e-08
1618  2.1142705664364394e-08
1334  2.2400637460433885e-08
1331  2.2558407877649314e-08
1611  2.3039134841483450e-08
1260  2.4527873123103079e-08
1254  2.5129274871472274e-08
1251  2.7544606646607008e-08
1244  2.8058421678478675e-08
1017  3.0757067258620719e-08
1351  3.0895780055499541e-08
1326  3.1786221499776397e-08
 686  3.1964904830594127e-08
1607  3.5813008355448086e-08
1356  3.6707726313519583e-08
1354  3.6849469418740163e-08
1264  3.7816879875290640e-08
 635  3.7920296854977249e-08
1256  3.8021627066179576e-08
1252  3.8383384005180722e-08
1414  3.8722935433933362e-08
1250  3.8964952082009660e-08
1238  3.9982440963901009e-08
1235  4.0424337230775864e-08
1336  4.1556583918915487e-08
1612  4.1690654897394292e-08
1332  4.1814160539046326e-08
1610  4.1953331851902773e-08
1330  4.2136701199581347e-08
1598  4.2418725357416060e-08
1323  4.4662791005324069e-08
1642  4.7893543849741363e-08
 631  4.8203830211456254e-08
1230  5.6388729971197667e-08
1148  5.7306417314083623e-08
1597  5.8468585076308658e-08
1319  6.3871738090349914e-08
1212  7.1441219674856187e-08
 636  7.1827018369089377e-08
 634  7.2329442330641535e-08
1350  7.2819796559998033e-08
1310  7.4289144512968821e-08
1240  7.5166236629432878e-08
1236  7.5494477534204063e-08
1234  7.6211371441781431e-08
 607  7.8004143593436250e-08
1227  7.9956463770956938e-08
1324  8.2252700329079671e-08
1322  8.2710475253963672e-08
1606  8.3463293213657895e-08
1595  8.7284125965742781e-08
1307  9.4939444893981360e-08
1206  1.0361335452532874e-07
1203  1.0810126383632122e-07
1223  1.1307182966978283e-07
 623  1.2101902129650767e-07
1198  1.3465848727384449e-07
 670  1.3747771120411061e-07
 630  1.4227518652974889e-07
1303  1.4452351246130429e-07
1228  1.4988026258640976e-07
1226  1.5072654086995548e-07
1318  1.5893702095502111e-07
1308  1.7061735556081714e-07
1306  1.7216898338293751e-07
1594  1.8265902118679400e-07
1208  1.9176304871378769e-07
1204  1.9475402453809381e-07
1202  1.9755450367357071e-07
1195  2.0437216730393604e-07
1574  2.3938665147128373e-07
1004  2.4777353658797270e-07
1191  2.7062171057901831e-07
1222  2.8858303322567123e-07
 622  2.9729912308491997e-07
1295  3.0377319646005300e-07
1302  3.1374212896874437e-07
1182  3.1846996205294712e-07
1559  3.5067007640544721e-07
1016  3.5349942250414454e-07
1196  3.7459736150002175e-07
1194  3.7924799801547582e-07
 982  3.9006015009003712e-07
1179  4.0957128466023977e-07
 998  4.1119766222550004e-07
 256  4.1647455391266844e-07
1142  4.2074373179807966e-07
 995  4.2438195088979924e-07
1139  4.4149870112493072e-07
 863  4.6398277939898992e-07
1573  4.9495349695185931e-07
1586  5.2556973429748687e-07
1134  5.3292196566994998e-07
 990  5.9534795807212162e-07
 510  6.0084127322068537e-07
 989  6.1541507792316143e-07
1190  6.2458131139263915e-07
1175  6.4965716681877746e-07
1000  6.7187264787330131e-07
1585  6.8500179240490361e-07
 996  7.1385953153081120e-07
1180  7.2134754816486097e-07
1178  7.2873861490774975e-07
1572  7.3279940599956723e-07
1144  7.4349347994454414e-07
1294  7.4547126952278531e-07
1131  7.4870404398637365e-07
 994  7.5184013554053106e-07
1012  7.5360899621417238e-07
1010  7.5420224661158840e-07
1140  7.6028052604234448e-07
1582  7.7904883355835139e-07
1138  7.8591473486483413e-07
 507  7.9731428696911657e-07
1984  8.0302603474536567e-07
1952  8.1280687386414589e-07
1936  8.3028222332550906e-07
1928  8.6091901012081699e-07
1924  9.2211533904895044e-07
1922  1.0443375641327169e-06
1127  1.0808540599560745e-06
 503  1.1069898247786794e-06
1167  1.1383431867213772e-06
 862  1.1651295847681467e-06
 988  1.2094823118826925e-06
 606  1.2181700234039962e-06
1013  1.2412748610507907e-06
1011  1.2413941323380587e-06
1174  1.2454205037971676e-06
1118  1.2767740015735157e-06
1921  1.2883766951132190e-06
1132  1.3462353657616446e-06
 508  1.3621570531479110e-06
1130  1.3721093191732102e-06
 506  1.4045419077059574e-06
1888  1.4897744991673248e-06
1569  1.6244151379836867e-06
 979  1.7249774151211578e-06
1115  1.7307068161722295e-06
1812  1.7573071074667742e-06
1840  1.9243397264582070e-06
 971  1.9372210035938437e-06
1797  1.9716369740516046e-06
 502  1.9957558823155611e-06
1804  2.0355953828804450e-06
1126  2.1461389005382765e-06
 495  2.2289273564091170e-06
1795  2.3234557577258803e-06
 954  2.6097324322726172e-06
 949  2.6604665801946660e-06
 575  2.6911611055050591e-06
1111  2.7685105455702737e-06
 975  2.7753076756772464e-06
 980  2.7763694913088428e-06
1116  2.8259815840098216e-06
1166  2.8523997954189143e-06
1114  2.8682030014122396e-06
 756  2.8719078578859503e-06
 978  2.8774900560385903e-06
 746  2.9688002406029433e-06
1776  2.9834568565368153e-06
1768  3.0732227111608147e-06
 741  3.0920369411107558e-06
 947  3.1488473069080559e-06
 479  3.4091951062102426e-06
1856  3.4182783004691737e-06
1756  3.4387531785744105e-06
1103  3.4560928677839263e-06
1824  3.5869038177936268e-06
1754  3.5937791748863313e-06
 739  3.6603092325023413e-06
1808  3.7713742955792943e-06
1753  3.9024116029137974e-06
1800  3.9752600864581560e-06
 725  4.2142101769798332e-06
1796  4.2726398462164621e-06
1558  4.3158378946146637e-06
 732  4.4867883466378732e-06
 941  4.5518300266213195e-06
1794  4.7508617953166964e-06
 723  4.8886400308534516e-06
1085  4.9393351543256534e-06
1110  4.9473615295083857e-06
 952  5.0364934010790045e-06
 494  5.0619500846367034e-06
 939  5.1460212073282040e-06
 948  5.2394475385881954e-06
 946  5.5517696663654217e-06
 752  5.6504515495276438e-06
1083  5.6880583551038509e-06
 744  5.8175292945434635e-06
1760  6.0499082708635027e-06
 740  6.0677652774735209e-06
1748  6.1491313230144118e-06
 738  6.4644459821744249e-06
1744  6.9332586984924650e-06
1742  7.3148720831021383e-06
1704  7.3702538435969591e-06
1681  7.7365960347364371e-06
 574  7.8310691296794860e-06
 717  7.8806596975499637e-06
 940  8.0270975127199357e-06
 728  8.0559220159480757e-06
1673  8.0740084576337947e-06
 724  8.1717382856049635e-06
 938  8.1964711976206768e-06
 722  8.4698996992236792e-06
1669  8.5806268831382687e-06
 715  9.0352689241956553e-06
 935  9.1822286403648311e-06
1084  9.3436287323078281e-06
1082  9.5346525780469003e-06
1071  1.0036115301869613e-05
 925  1.0226748522685324e-05
1667  1.0300229926380022e-05
 697  1.0452825621697488e-05
 693  1.0647526954033140e-05
1079  1.1281087344478780e-05
 970  1.1303288229237735e-05
1102  1.1441051870703578e-05
1741  1.2100179272964086e-05
 923  1.2460266867121479e-05
 691  1.2461451107797452e-05
1737  1.3382142492092385e-05
1488  1.3935037547703578e-05
1696  1.4086584297057354e-05
1735  1.4118721120742753e-05
1656  1.4231138194597511e-05
1448  1.4489430324015514e-05
1680  1.4774366193427072e-05
1425  1.5158956834212449e-05
 711  1.5254871983559213e-05
 716  1.5346800621133712e-05
1672  1.5450036512612618e-05
 934  1.5539364976039254e-05
 714  1.5770413236591321e-05
1649  1.6084279517507261e-05
1417  1.6232790315454088e-05
1668  1.6389381836090593e-05
1646  1.6801959358804106e-05
 894  1.7617997649413332e-05
1078  1.7783408349121931e-05
1666  1.7810633756603438e-05
1413  1.7926896097911176e-05
1645  1.7951032181339189e-05
 924  1.9528253645387913e-05
 685  1.9773901566484315e-05
 919  2.0018955038644546e-05
 922  2.0127011968853035e-05
 696  2.0355644307334754e-05
 478  2.0493429884862528e-05
 692  2.0755290168187259e-05
 690  2.1560241609524241e-05
 911  2.2154455570039458e-05
1411  2.2385290067423223e-05
 683  2.2903428503835697e-05
1377  2.2952341014392231e-05
1361  2.3281856150826784e-05
1353  2.4132770457761279e-05
1736  2.4171400067951358e-05
1733  2.5091585474261510e-05
1349  2.5797699815378089e-05
1009  2.6733867499744043e-05
1641  2.7116299865169617e-05
1472  2.7294777958217814e-05
1440  2.8195470186642320e-05
1648  2.8814265035164665e-05
1424  2.9481644153470535e-05
 710  3.0348190478174410e-05
1347  3.1129513686331000e-05
1617  3.1454924671006675e-05
1416  3.1463713127559866e-05
1609  3.2623586055933067e-05
 679  3.3260570853444373e-05
1605  3.4462367049654569e-05
1412  3.4593293258625844e-05
1639  3.4893997712218635e-05
1055  3.5677392784251261e-05
 918  3.7515022072649226e-05
 684  3.8394749791846319e-05
 682  3.9679468594069726e-05
1329  3.9851435192582039e-05
1410  3.9937226512352929e-05
1321  4.1177624182962243e-05
 633  4.1407516290309040e-05
 893  4.1929896444007829e-05
1603  4.2458977036705344e-05
 629  4.2999001614241340e-05
1317  4.3634800233248456e-05
1070  4.4001629753748641e-05
1376  4.4052895531885292e-05
1360  4.4704386761417100e-05
1732  4.5587057507384572e-05
1352  4.6234727444097335e-05
 669  4.7307497588965616e-05
1640  4.7369163961210487e-05
1584  4.7821086398697145e-05
1348  4.9221293322095652e-05
 627  5.0854954888444159e-05
1249  5.1173212139138537e-05
1315  5.2093218350604237e-05
1233  5.2291550759287512e-05
1637  5.2847948317644508e-05
 447  5.3136168479317236e-05
1225  5.4500581816879170e-05
1593  5.4502739741683898e-05
1346  5.5017794336896205e-05
 667  5.5033112994474915e-05
1221  5.8727953834329373e-05
1616  6.0645709706066674e-05
1580  6.1786050382709392e-05
1608  6.2996412279786622e-05
 887  6.3311375797744788e-05
1596  6.5841460639357613e-05
1604  6.6236293597181269e-05
1571  7.0258849966371487e-05
1602  7.1475580786739139e-05
1219  7.1904560721017640e-05
 892  7.3436304362248803e-05
1305  7.5158323828553017e-05
 678  7.6212263396578076e-05
1328  7.6422119164959755e-05
1008  7.6945525155069946e-05
 621  7.7419168436537205e-05
1320  7.8767407305734279e-05
1301  7.9072203679054855e-05
1591  8.0107174025537942e-05
 663  8.0537313930670174e-05
 632  8.0644015026579504e-05
1578  8.0901755429466692e-05
1316  8.3059375033166745e-05
 628  8.3392502089528893e-05
 910  8.3635629758251523e-05
 626  8.8234347728938860e-05
1314  9.0898638020376707e-05
 619  9.0996270928576172e-05
 668  9.1567388241167350e-05
1636  9.2696900958879206e-05
1299  9.3494798700867688e-05
 655  9.3673175845743331e-05
1592  9.4769721070018582e-05
 666  9.5439868937810871e-05
1248  9.8639993679271152e-05
1201  9.9662251644264341e-05
1232  1.0089181589783541e-04
1193  1.0386248208419487e-04
1224  1.0479642650149354e-04
1189  1.1055404644317443e-04
1220  1.1222302846610811e-04
1590  1.1251282862233215e-04
 446  1.2501361891575108e-04
1218  1.2546823741207372e-04
1187  1.3377355853197228e-04
 615  1.3408065750299385e-04
1054  1.3734204494891743e-04
1293  1.4237371825889946e-04
1304  1.4329606776392574e-04
 662  1.4951759509780128e-04
 620  1.4979843745948127e-04
1300  1.4995310249231401e-04
 618  1.5786388060092573e-04
 605  1.6065686434979504e-04
 861  1.6212171929592086e-04
1298  1.6273547633761836e-04
1291  1.6835579155924905e-04
 254  1.7395595462198684e-04
1583  1.7498434984489152e-04
1177  1.7765137653880518e-04
 253  1.8612170162369003e-04
1173  1.9103376808517000e-04
1200  1.9137458230938801e-04
 993  1.9612204344855667e-04
1192  1.9860316628873977e-04
1570  2.0714460978696437e-04
 859  2.0989096323335675e-04
1188  2.1010130609702587e-04
 603  2.1559014746686499e-04
1137  2.2362913186250031e-04
1568  2.2776569707704645e-04
 886  2.2960838316504116e-04
1186  2.3089604309664571e-04
1171  2.3379718639832622e-04
1129  2.3841007856226912e-04
 614  2.3874234084093080e-04
 505  2.4268416107087480e-04
 251  2.5826378886230263e-04
 501  2.5834323108565242e-04
1287  2.5982536014116671e-04
1125  2.6261202612775275e-04
1292  2.6916869725282288e-04
1567  2.6922030118266488e-04
 987  2.7585934356997292e-04
1290  2.9096397705403733e-04
1565  2.9252253198454569e-04
 986  3.0427676355363874e-04
 599  3.1005583348044129e-04
 855  3.1006058972348676e-04
 604  3.1042538601997984e-04
1165  3.1046366437874893e-04
 860  3.1497425432680152e-04
 654  3.1713268954446024e-04
 499  3.2192668155735948e-04
1176  3.3863436140760007e-04
1123  3.3874082843953396e-04
 977  3.4175615433325600e-04
1564  3.4597909656876682e-04
 858  3.4678741124880371e-04
 602  3.4825936376068457e-04
1172  3.5986845975214841e-04
 985  3.6026101743832830e-04
1557  3.6473959395736327e-04
1113  3.7879897729151119e-04
 992  3.7928659820262009e-04
1163  3.9323595495614018e-04
1170  3.9826435602768607e-04
 493  4.0546652565060247e-04
 250  4.2015761674256554e-04
1109  4.2317673177214460e-04
1136  4.3014007324826051e-04
1128  4.5660882004731088e-04
 504  4.7132206903432365e-04
1286  4.9480955177958180e-04
1124  4.9718530329934888e-04
 500  4.9789784169986917e-04
 974  5.0014020490637425e-04
 591  5.0597343869009613e-04
 847  5.1043842253868828e-04
 383  5.1509369547843395e-04
1555  5.2570522115479555e-04
 573  5.3170438921263448e-04
 854  5.4129415952230856e-04
 491  5.4168580837680958e-04
 498  5.5476905725855726e-04
 598  5.5882202401685702e-04
1107  5.6500265349551659e-04
1122  5.6859452546938172e-04
1164  5.8045873041713666e-04
 973  5.8686747008999734e-04
1159  6.0397457484452210e-04
 969  6.1869340669109087e-04
 976  6.2627517929915184e-04
1162  6.6083177939506126e-04
1556  6.6893288495405796e-04
1101  6.7922948107512955e-04
 945  6.8104402785727010e-04
 571  7.1597976463883819e-04
1112  7.1638325194447322e-04
1551  7.3652296831681050e-04
 937  7.5931999945577297e-04
 492  7.7157079265714734e-04
1081  7.9709691768811437e-04
 382  7.9728803626750555e-04
1554  7.9946072222377318e-04
1108  8.0229407531307755e-04
 487  8.3753740724267335e-04
 490  9.0040651498443137e-04
 933  9.0260729355062742e-04
 967  9.2045330410907473e-04
1077  9.4088697339479363e-04
 477  9.5031675300026185e-04
1106  9.5510738962517594e-04
 737  9.6545364301033553e-04
1099  9.6660928851243096e-04
 572  9.9916369508731991e-04
 721  1.0240081047195458e-03
 968  1.0922275224102252e-03
1158  1.1251642990033346e-03
 567  1.1380854965201981e-03
 713  1.1536173233783228e-03
 570  1.1889466027115347e-03
1793  1.1970068675107349e-03
 921  1.2033141480865804e-03
1075  1.2355469082833245e-03
 931  1.2423686897267922e-03
1100  1.2434513827360592e-03
1550  1.2614726705753518e-03
 846  1.2660782748403242e-03
 590  1.2781712208407372e-03
 944  1.3368737571016762e-03
 239  1.3616626111813597e-03
 965  1.3627008411771172e-03
 475  1.3738333465919388e-03
1920  1.3910270448880893e-03
 709  1.3961126044917259e-03
1095  1.4440444698931097e-03
 936  1.4600163138652332e-03
1080  1.4826271954994684e-03
 917  1.4909025324629538e-03
 486  1.5238982492391654e-03
1752  1.5477781385212404e-03
1098  1.5518505615946857e-03
1069  1.5998910056876290e-03
 689  1.6059274592819168e-03
 932  1.6970060191874811e-03
1740  1.7022363810070178e-03
1076  1.7110933275636506e-03
 476  1.7552316363083859e-03
 707  1.8322180529360796e-03
 736  1.8658456852409036e-03
 681  1.9033628431412669e-03
 720  1.9633314228728015e-03
1734  2.0027213961249834e-03
 566  2.0275065337347548e-03
 915  2.0474011557235902e-03
 930  2.0894220696866563e-03
1665  2.1085396192352156e-03
 964  2.1124800934355726e-03
1074  2.1265268011471539e-03
 712  2.1759649801909174e-03
 920  2.2073951064477122e-03
 471  2.2195263803533260e-03
 474  2.2665454531964786e-03
1067  2.3403565753064687e-03
1792  2.3998586623272585e-03
 831  2.4047584205940738e-03
 677  2.4464134634682275e-03
 559  2.5510665616501459e-03
 708  2.5708684963626138e-03
1731  2.5897183766218240e-03
 909  2.6050491035604722e-03
1094  2.6599772715962806e-03
 916  2.6709195789097317e-03
 238  2.7671678196946464e-03
1068  2.8643982744200420e-03
1644  2.9366981526422896e-03
 688  3.0343440710979656e-03
 706  3.2301637335857007e-03
 665  3.2651107944510127e-03
 675  3.2919382775555028e-03
 914  3.3864054779938627e-03
1638  3.3899968230738341e-03
 445  3.4788612737193130e-03
 891  3.5067888500951638e-03
 680  3.5137147432087834e-03
1730  3.6428793924117445e-03
 625  3.6817993369268423e-03
1063  3.7700847920431810e-03
1066  3.7918438351459026e-03
1601  3.8157949423836329e-03
1664  3.8212965372827600e-03
1053  3.8480161071529641e-03
 907  3.8897740514966233e-03
 470  3.9579081302024977e-03
1535  4.2146484819062481e-03
1635  4.2202008989685267e-03
 890  4.2312853674568059e-03
 830  4.2373721506155822e-03
1409  4.3048498159166879e-03
 676  4.3855227487127092e-03
 661  4.4783114729001188e-03
 908  4.5704099596733643e-03
1345  4.6695160780607040e-03
 617  4.8475219571873706e-03
 558  5.0832840506602611e-03
 443  5.3064335205440455e-03
1313  5.3477918763249017e-03
 463  5.4089771812788580e-03
 889  5.4201982176627899e-03
1589  5.5300758301742130e-03
1634  5.6068717861975318e-03
1729  5.6284184106102503e-03
 674  5.6869114859414522e-03
1051  5.7641098210273857e-03
 664  5.8814207046971679e-03
 444  6.1359416140248247e-03
 885  6.2999731254751680e-03
 906  6.3432503204324617e-03
 903  6.4315911912286869e-03
1297  6.5182166792318507e-03
 659  6.5397934250286359e-03
1052  6.6053709404837414e-03
 613  6.6555366532132457e-03
1600  6.6575283724748906e-03
1062  6.7190804642066459e-03
1588  6.7629710971087329e-03
 624  6.7666550460198371e-03
1217  7.0203286340506949e-03
 660  7.8203688006531179e-03
 653  7.9488072760458741e-03
1633  8.1655678486632129e-03
1408  8.1948577084894024e-03
 252  8.2829215177284265e-03
1576  8.3773576079870810e-03
1289  8.5209999067582167e-03
 857  8.5440756281723613e-03
1185  8.6629964861278559e-03
 616  8.6683687069844546e-03
 442  8.6870865955545086e-03
1344  8.8030234519353833e-03
 601  8.8112319314849804e-03
1581  8.9305098667147188e-03
1050  9.3579279170175160e-03
 439  9.5321913011801890e-03
 611  9.8031099837140988e-03
 883  9.8534210900713126e-03
1312  9.9140206802228459e-03
 462  1.0152374496269835e-02
1047  1.0263001945510806e-02
 884  1.0556955259875742e-02
 249  1.0688922913493179e-02
 543  1.0893124554591158e-02
 658  1.0912742017239295e-02
1566  1.1084242674429000e-02
 902  1.1290561892399532e-02
1169  1.1294544612998940e-02
 612  1.1603002172720017e-02
1296  1.1801290767682712e-02
1285  1.1867281104579446e-02
 651  1.2185756165714191e-02
 853  1.2605974051506302e-02
 497  1.2825910204200744e-02
1579  1.2897547658435544e-02
 597  1.2991929315627104e-02
1216  1.3073652119152204e-02
1563  1.3379607366028941e-02
 652  1.3563248616775216e-02
1121  1.4584331329669629e-02
 856  1.4736245819640682e-02
1562  1.4946749204361261e-02
1288  1.4974415434042855e-02
 600  1.5136158468817025e-02
1161  1.5514213547071077e-02
1184  1.5706008033567746e-02
 882  1.5737607434034934e-02
 610  1.6394211891943462e-02
 438  1.6650945887761896e-02
 247  1.6784838402560794e-02
1283  1.7281085443477673e-02
 381  1.7316722886130169e-02
 248  1.7424856189993655e-02
1046  1.7686285909351555e-02
 879  1.7824299336164435e-02
1553  1.7865532063886476e-02
 542  1.7943914611806271e-02
 489  1.8684217155080774e-02
 851  1.9306409966382339e-02
 595  1.9567992410724950e-02
1168  1.9890607687078461e-02
1105  2.0018482053553489e-02
 650  2.0137728444196850e-02
 984  2.0164785708046303e-02
1284  2.0266869898156969e-02
 852  2.1242112820399450e-02
1561  2.1555767360815634e-02
 647  2.1609873942633324e-02
 596  2.1784694912035205e-02
 496  2.2369569861718092e-02
1157  2.2403955042340457e-02
 569  2.2729077575679796e-02
 972  2.3696544462571651e-02
 845  2.4937412398475467e-02
 589  2.4939926814496811e-02
 431  2.5452955987552733e-02
1120  2.5595195519705616e-02
1039  2.5942404716452764e-02
1549  2.6359202971603060e-02
1160  2.6487604473692177e-02
 207  2.6645799460207273e-02
 379  2.7123319710701307e-02
 485  2.8454637511592606e-02
 380  2.8563306366969691e-02
1552  2.8661760836002779e-02
1097  2.8924087222572697e-02
1282  2.9220902509320048e-02
 245  2.9253506391444885e-02
 966  2.9703222478821178e-02
 488  3.1608401433600414e-02
 850  3.1629870112694178e-02
 594  3.2188525672520826e-02
1155  3.2916969476041967e-02
1104  3.4022656581354539e-02
 929  3.4330861880724033e-02
 799  3.4956120435953281e-02
1073  3.5272302051482560e-02
 565  3.5853138864013125e-02
 646  3.6789038340714418e-02
 473  3.7045072919550115e-02
1156  3.7209129308253722e-02
 568  3.7647961869513656e-02
 587  3.8634935976398867e-02
 843  3.8949182511035380e-02
1547  3.9321262533697048e-02
 963  3.9744652198695392e-02
 875  4.0332310572944431e-02
 844  4.0421818063747103e-02
 588  4.0476695342146873e-02
1548  4.1393859203787194e-02
 483  4.2527529282642557e-02
 430  4.2572967994576938e-02
1038  4.2903418542344265e-02
1093  4.2988648019858161e-02
 378  4.4012871232166906e-02
 244  4.5457175568884747e-02
 237  4.5489834566396797e-02
 484  4.6467293314720860e-02
1096  4.7435353476997039e-02
 705  4.9250773299404027e-02
 913  5.0559073429037024e-02
 375  5.1594248910015586e-02
1154  5.3992431307352713e-02
1065  5.4609286992525256e-02
 563  5.4634345002695324e-02
 962  5.5137106717695832e-02
 928  5.6717570909981821e-02
 564  5.7364394145634844e-02
1072  5.7969587174213341e-02
 469  5.8211091650304983e-02
 472  5.9794712081109466e-02
1546  6.0538590154936740e-02
 586  6.1834204099131491e-02
 829  6.1926398270454631e-02
 842  6.2047704548508040e-02
 874  6.3140131893255388e-02
1091  6.3564072884737643e-02
1092  6.8552190316155739e-02
 482  6.8568802921496239e-02
 557  7.0260232005770362e-02
 583  7.0276014453862598e-02
 235  7.0665800660039566e-02
 839  7.1290821699532117e-02
 673  7.1447840846103186e-02
 236  7.1568799661307025e-02
 415  7.5415903353542785e-02
 905  7.7789738695804467e-02
 961  7.8167196576092834e-02
 912  8.1092625445208649e-02
1534  8.2489417968193715e-02
 704  8.2669153129250730e-02
 374  8.3199635160700863e-02
1061  8.3443627908719842e-02
1064  8.6061363826303333e-02
 562  8.6227233239102571e-02
 467  8.7992275045150212e-02
 468  9.1060795899987432e-02
 888  9.2019566558028704e-02
 827  9.5180267214671849e-02
 828  9.5692924470401688e-02
 441  9.6056853646773743e-02
1090  1.0010534585112103e-01
1049  1.0131586214523475e-01
 166  1.0395667316271459e-01
 555  1.0728844655676421e-01
 556  1.0790427632734190e-01
 657  1.0824290911440261e-01
 234  1.0909489935249807e-01
 461  1.1038516245201969e-01
 582  1.1060849252948665e-01
 838  1.1159406984674508e-01
 672  1.1504472633662018e-01
 367  1.1559322453815940e-01
 414  1.1695888968295282e-01
 901  1.1736253543165992e-01
1533  1.1863874691422305e-01
 904  1.1951872896550611e-01
1728  1.2300068786127698e-01
1059  1.2301520310287585e-01
 231  1.2577633151268008e-01
1060  1.2711013819390687e-01
 466  1.3499529263608764e-01
 609  1.3830203872380184e-01
1632  1.4018791708551911e-01
 881  1.4281101669530344e-01
 826  1.4387007973077645e-01
 440  1.4586854818415287e-01
 437  1.4978631836471631e-01
1048  1.5236811319219501e-01
1045  1.5599986982420391e-01
 541  1.5815458095493443e-01
 554  1.6110674328392857e-01
 649  1.6231913908664422e-01
 823  1.6397641518299574e-01
 459  1.6455606531015016e-01
 460  1.6457770905677629e-01
 656  1.6546938721026816e-01
 899  1.6938405561143827e-01
1577  1.7161235038140193e-01
 900  1.7348962919223662e-01
 366  1.7411803573443432e-01
 551  1.8260518178787813e-01
1058  1.8325767881361879e-01
1527  1.8423536707045626e-01
 230  1.8704855588602565e-01
 246  1.9075326487815497e-01
1281  2.0264971396695275e-01
 880  2.0496398703740731e-01
 878  2.0634575419171428e-01
 608  2.0683885370535096e-01
 849  2.1159983552342701e-01
 593  2.1300246875646464e-01
 435  2.1728634912157169e-01
 436  2.1768280780142882e-01
1560  2.2225564954951330e-01
1043  2.2420460867582262e-01
1044  2.2459040149807896e-01
 540  2.2787989537287706e-01
 539  2.3006169068183691e-01
 223  2.3221929336049910e-01
 648  2.3643184590286553e-01
 822  2.3712826538299744e-01
 645  2.3732675828556249e-01
 458  2.3793272129478238e-01
 351  2.3985971338449499e-01
 898  2.4316184958442066e-01
 206  2.5241960522103890e-01
 377  2.6117372635067870e-01
 429  2.6141390444357698e-01
 550  2.6167970104359239e-01
1037  2.6324920171498972e-01
 455  2.6347401193332604e-01
 243  2.7062768757967903e-01
 877  2.7802102795794281e-01
 815  2.8521876129049423e-01
1153  2.8579716391990517e-01
 798  2.9164306392036449e-01
 848  2.9724426338345838e-01
1280  2.9814894657809171e-01
 592  3.0089801216546386e-01
 434  3.0465248637029130e-01
1545  3.1174052607077113e-01
1042  3.1174268292771279e-01
 585  3.1530032271322966e-01
 841  3.1693751772510109e-01
 538  3.1937830494231156e-01
 222  3.2228132919438579e-01
 643  3.2487524153596908e-01
 873  3.2586372927738017e-01
 481  3.2783653250784439e-01
 644  3.2858436798088242e-01
 205  3.3516672736567182e-01
 350  3.3694605081751100e-01
 535  3.4934266669864916e-01
 428  3.5569446467960075e-01
 242  3.5589019267674793e-01
1036  3.5633451855532228e-01
 376  3.5738509601683338e-01
 427  3.5966524798452898e-01
1035  3.6047037543216287e-01
 454  3.6084063830515123e-01
 373  3.7601427333529835e-01
 561  3.7654595854687289e-01
 797  3.8086833365507766e-01
 814  3.8525153694536213e-01
1152  3.9369318447753671e-01
1544  4.0072640163353684e-01
1089  4.0449577190306230e-01
 840  4.1895974320199336e-01
 584  4.1899748103317480e-01
 319  4.2161060317525451e-01
 872  4.2290975849762830e-01
 871  4.2726073400943565e-01
 960  4.2736273531217733e-01
 233  4.3105843251556514e-01
 642  4.3144933609127617e-01
 204  4.3362491441126322e-01
 581  4.3551030637945559e-01
 480  4.3572689727480518e-01
 837  4.3823722965767564e-01
 241  4.4946265859884221e-01
 413  4.4969394965059262e-01
 534  4.5780762585748186e-01
1034  4.6725571197300292e-01
 426  4.6796468162766708e-01
 465  4.7713431316327798e-01
 796  4.8318371648554198e-01
 372  4.8465515649216928e-01
 560  4.8604018025879298e-01
 371  4.8874093161362375e-01
1031  4.9454459875054335e-01
 423  4.9662287848895031e-01
 825  4.9693777587276478e-01
 164  4.9724553150246631e-01
 527  5.0616994460460596e-01
1088  5.1921627361773548e-01
 553  5.2562963135664453e-01
1532  5.2583872821824873e-01
 870  5.3211709172104427e-01
 232  5.4002147043074400e-01
 318  5.4454606147488116e-01
 580  5.4574059846904421e-01
 836  5.4672672063485972e-01
 365  5.4786442657937429e-01
 579  5.4849697506594020e-01
 835  5.5083809205169854e-01
1057  5.5593210982391772e-01
 412  5.6110797752092056e-01
 411  5.6625750214105619e-01
 229  5.6740690013274242e-01
 201  5.7842217207717450e-01
 464  5.8871340551095430e-01
 161  5.9612890375071981e-01
 191  5.9959180467623652e-01
 370  6.0116945908895680e-01
 824  6.0506901269357738e-01
1030  6.0659037754711276e-01
 422  6.1001818417581821e-01
 526  6.2129985850005309e-01
 793  6.2486152498044600e-01
 457  6.3315741998424624e-01
 552  6.3352526289430433e-01
 821  6.3396608859255588e-01
 897  6.3635225296031506e-01
1526  6.3995427915495140e-01
 364  6.5603744923916818e-01
 578  6.5718754276459079e-01
 834  6.5759873491446807e-01
 363  6.6107528585643793e-01
 867  6.6130530741932858e-01
 549  6.6296648170314010e-01
1056  6.6326357154919813e-01
 228  6.7114530814805551e-01
 410  6.7476099081037400e-01
 227  6.7670796233049935e-01
 407  6.9436173279526814e-01
 155  7.0432573187757408e-01
 433  7.0662852488943306e-01
 190  7.1192165785590333e-01
1041  7.1412880605723605e-01
 537  7.2273696312489799e-01
 221  7.2487673982358525e-01
 820  7.3055263671728132e-01
 456  7.3109072794120589e-01
1525  7.3125582827040625e-01
 896  7.3272431871731913e-01
 819  7.3594117114305357e-01
 349  7.3753655362539616e-01
 876  7.4681333508993719e-01
 548  7.5619739915640838e-01
 787  7.5755569202218831e-01
 362  7.5836187946726008e-01
 453  7.5989575878432603e-01
 547  7.6159830487281410e-01
 226  7.6886802588692826e-01
 359  7.7307776615216273e-01
 813  7.7963112846275340e-01
 406  7.8803661321689855e-01
 432  7.9301195557665993e-01
 154  7.9402565453098906e-01
1040  7.9802843322391814e-01
 536  8.0555565422273645e-01
 399  8.0730061719966428e-01
 220  8.0749059124390987e-01
 219  8.1154953718168021e-01
 641  8.1243745795562416e-01
 203  8.1653065888573417e-01
 818  8.1737409994745169e-01
 348  8.2024727918924967e-01
 347  8.2321728666671479e-01
 533  8.3340912948057300e-01
 452  8.3562291485118356e-01
 546  8.3816329851967764e-01
 451  8.3984740643451583e-01
 425  8.4001886173434881e-01
1033  8.4006429408718464e-01
 795  8.4920353324951903e-01
 358  8.5020396938408871e-01
 812  8.5077973253038319e-01
 811  8.5429720278660715e-01
 240  8.7401146541493646e-01
 202  8.7556941195446958e-01
 640  8.7608246220199482e-01
 218  8.7619853430509831e-01
 398  8.7720482440925673e-01
 869  8.7770752595545043e-01
 148  8.8221942334368531e-01
 317  8.8240240958784089e-01
 215  8.8345396304823509e-01
 346  8.8677375357785815e-01
 127  8.8806653199560093e-01
 532  8.9098687058621784e-01
 343  8.9272422901837267e-01
 531  8.9464264523201276e-01
1032  8.9471067164444873e-01
 424  8.9553897451631614e-01
 450  8.9702849871696877e-01
 794  8.9994994772500014e-01
 810  9.0729859103685140e-01
 369  9.1201655064556408e-01
 807  9.1265507181509764e-01
1029  9.1475978301985172e-01
 421  9.1585835508223445e-01
 525  9.2032366427323187e-01
 868  9.2056499458889085e-01
 316  9.2759615799826922e-01
 214  9.2833067979420869e-01
 315  9.2880783134274525e-01
 200  9.3221537095874796e-01
 199  9.3437437222447439e-01
 577  9.3503592211796382e-01
 530  9.3503974014926194e-01
 833  9.3529944636584594e-01
 342  9.3593684091353169e-01
 126  9.3729161180523657e-01
 160  9.3846938630349164e-01
 335  9.4023254483950058e-01
 409  9.4168153106832686e-01
 368  9.4585263937392006e-01
1028  9.4734182598398120e-01
 792  9.4761686737117945e-01
 806  9.4777342002801668e-01
 420  9.4857508115185385e-01
 791  9.4937927714389625e-01
1027  9.4978209088981791e-01
 419  9.5056568339294578e-01
 524  9.5176318297626894e-01
 189  9.5284854439298960e-01
 523  9.5346141469069323e-01
 866  9.5807809316285530e-01
 314  9.5872717960642095e-01
 311  9.6043782270989686e-01
 576  9.6075226441453832e-01
 832  9.6075346526121186e-01
 198  9.6082291414049215e-01
 408  9.6524507440810703e-01
 334  9.6659508869666899e-01
 361  9.6755674904261391e-01
  78  9.6830942138298015e-01
 225  9.7034851959807933e-01
 790  9.7038833479879016e-01
1026  9.7049443087879117e-01
 418  9.7128866987387141e-01
 188  9.7292019642643313e-01
 522  9.7324743527888835e-01
 187  9.7352963097530887e-01
 405  9.7468785588585449e-01
 519  9.7475503538981689e-01
1524  9.7501875714108188e-01
 865  9.7549587420431882e-01
 153  9.7567766275809709e-01
 195  9.7824563294589884e-01
 310  9.7838441718947855e-01
 786  9.7922018327715199e-01
 303  9.7945094764634799e-01
 817  9.8130047965167921e-01
 360  9.8136359480671420e-01
 224  9.8287494539375486e-01
 545  9.8531156689508959e-01
 186  9.8552145072286546e-01
 404  9.8575022407322710e-01
 518  9.8609944175540520e-01
 183  9.8614045325123068e-01
 152  9.8625842390455210e-01
 403  9.8636085648443272e-01
 151  9.8675658035543834e-01
 357  9.8711521435109484e-01
 785  9.8834710839395890e-01
 783  9.8893963440845956e-01
 302  9.8938859839898652e-01
 816  9.8943742498122045e-01
 287  9.8981119259211547e-01
 217  9.9117306695838947e-01
 397  9.9117813084311501e-01
 544  9.9175712205992106e-01
 345  9.9254322997157918e-01
 402  9.9260354102777337e-01
 182  9.9283070203416923e-01
 149  9.9284360838362629e-01
 356  9.9296535074957049e-01
 176  9.9315149307512707e-01
 355  9.9328907093971952e-01
 449  9.9389140720201941e-01
 782  9.9422070128887952e-01
 286  9.9488707396016851e-01
 809  9.9497939208919217e-01
 216  9.9518892220805100e-01
 146  9.9526670439133369e-01
 396  9.9527722937210650e-01
 395  9.9550472943506574e-01
 344  9.9599991080849681e-01
 354  9.9643890068389362e-01
 167  9.9649830177025489e-01
 448  9.9668687013526747e-01
 213  9.9693568825146528e-01
 776  9.9705311076504022e-01
 808  9.9731415103843724e-01
 145  9.9753333352466078e-01
 529  9.9753637917337146e-01
 341  9.9753798731833088e-01
 125  9.9757841826843663e-01
 394  9.9765910052376250e-01
 143  9.9779634406804107e-01
 391  9.9780903793626086e-01
 805  9.9835982676646740e-01
 212  9.9839733325790203e-01
 211  9.9849379624145285e-01
 528  9.9868805805785787e-01
 340  9.9873104904345422e-01
 124  9.9878662851914968e-01
 339  9.9881959232057438e-01
 390  9.9886239288073564e-01
 123  9.9888956119564176e-01
 142  9.9892841951996192e-01
 313  9.9897471889748191e-01
 197  9.9907763389348103e-01
 804  9.9915305016989531e-01
 803  9.9920979192136528e-01
 210  9.9921883631145769e-01
 333  9.9933052466270333e-01
 338  9.9939453002466683e-01
 122  9.9946248858268072e-01
 789  9.9947213596696505e-01
 312  9.9947971849201245e-01
1025  9.9949370317705366e-01
 135  9.9949949674870486e-01
 417  9.9950846674229743e-01
 196  9.9952798414930277e-01
 119  9.9954237819883140e-01
 521  9.9957700604530986e-01
 802  9.9958814332462831e-01
 332  9.9966473415550239e-01
  76  9.9968393158672264e-01
 331  9.9970319349040637e-01
1024  9.9972656598864518e-01
 309  9.9972675643127906e-01
 788  9.9973200568461884e-01
 416  9.9974451441899770e-01
 118  9.9976968753409412e-01
 520  9.9978065957780293e-01
 864  9.9979481752158095e-01
 111  9.9979991663270396e-01
 194  9.9983509138015358e-01
 330  9.9984430395043988e-01
  73  9.9985271059674863e-01
 327  9.9986333369291513e-01
 308  9.9986385909183317e-01
 185  9.9987852026128554e-01
 307  9.9988498705642648e-01
 517  9.9988695036619624e-01
 110  9.9989684613731356e-01
  95  9.9990408127238395e-01
 326  9.9992521145071522e-01
 193  9.9992882375001979e-01
  70  9.9993126661763576e-01
 150  9.9993544517479527e-01
 306  9.9993672957794688e-01
 301  9.9993798181254001e-01
 184  9.9993868924695195e-01
 516  9.9994003865167891e-01
 515  9.9994784455020935e-01
 784  9.9994869818183207e-01
  79  9.9995130771175356e-01
  60  9.9996555516081909e-01
 401  9.9996571763764042e-01
 300  9.9996725933203501e-01
 514  9.9996908681978236e-01
 181  9.9997059333523564e-01
 299  9.9997423510784123e-01
 781  9.9997882469892008e-01
 400  9.9997995064610767e-01
 180  9.9998305602192838e-01
 174  9.9998336329233561e-01
 285  9.9998380385641272e-01
 297  9.9998491152662239e-01
 296  9.9998536650110181e-01
 147  9.9998573400215462e-01
  48  9.9998589600567933e-01
 179  9.9998607280775786e-01
 780  9.9998685579548119e-01
 353  9.9998844088742000e-01
 779  9.9998860328338135e-01
 284  9.9998919947986098e-01
 173  9.9998984479647668e-01
 292  9.9998998415918494e-01
  34  9.9999007589586297e-01
 177  9.9999062471998612e-01
 283  9.9999091801788287e-01
 352  9.9999134517540000e-01
 777  9.9999171541324139e-01
 393  9.9999223150342431e-01
 144  9.9999228231635029e-01
 774  9.9999254470655841e-01
 165  9.9999266175568269e-01
 280  9.9999269289759041e-01
 281  9.9999271345949914e-01
 171  9.9999276684808813e-01
 392  9.9999325958841156e-01
 273  9.9999352023560650e-01
 276  9.9999356300981668e-01
 773  9.9999359142183397e-01
 163  9.9999378411593243e-01
 389  9.9999392613734150e-01
 264  9.9999395323750317e-01
 772  9.9999400092114710e-01
 141  9.9999409963021557e-01
 388  9.9999411801650973e-01
 209  9.9999414121588948e-01
 159  9.9999414314785795e-01
 387  9.9999418258408734e-01
 140  9.9999422037352104e-01
 208  9.9999423468340498e-01
 337  9.9999423817395328e-01
 134  9.9999424111380908e-01
 385  9.9999425626013783e-01
 139  9.9999426851611339e-01
 336  9.9999427979156685e-01
 138  9.9999428079471220e-01
 801  9.9999428219354825e-01
 121  9.9999429795685857e-01
 800  9.9999430318593552e-01
 120  9.9999431091086666e-01
  72  9.9999431736600675e-01
 133  9.9999431862409893e-01
 117  9.9999432100577135e-01
  94  9.9999432145927736e-01
 329  9.9999432165099833e-01
 131  9.9999432246620601e-01
 192  9.9999432279048250e-01
 116  9.9999432304708991e-01
 328  9.9999432307003178e-01
 109  9.9999432367602858e-01
 325  9.9999432379884468e-01
 115  9.9999432382159670e-01
 113  9.9999432397025911e-01
 305  9.9999432401060095e-01
 324  9.9999432406269873e-01
 108  9.9999432409381139e-01
 298  9.9999432412421663e-01
 106  9.9999432415661038e-01
 304  9.9999432416836376e-01
 323  9.9999432417373024e-01
 322  9.9999432417763412e-01
 107  9.9999432418095857e-01
  93  9.9999432418399992e-01
 103  9.9999432420394396e-01
 100  9.9999432420769607e-01
 513  9.9999432421234447e-01
 105  9.9999432421260981e-01
 104  9.9999432421260992e-01
  91  9.9999432422019252e-01
  98  9.9999432422345180e-01
  99  9.9999432422345180e-01
  96  9.9999432422345302e-01
  97  9.9999432422345302e-01
 101  9.9999432422585910e-01
 102  9.9999432422588097e-01
  68  9.9999432423002155e-01
 274  9.9999432423003665e-01
 275  9.9999432423004020e-01
 512  9.9999432423219980e-01
 255  9.9999432423355439e-01
  65  9.9999432423676848e-01
 261  9.9999432423772971e-01
 260  9.9999432423773216e-01
 263  9.9999432423773649e-01
 262  9.9999432423773660e-01
 257  9.9999432423788503e-01
 259  9.9999432423788570e-01
 258  9.9999432423788581e-01
 178  9.9999432423861123e-01
 112  9.9999432424036006e-01
 114  9.9999432424047519e-01
  89  9.9999432424076229e-01
  66  9.9999432424287182e-01
  69  9.9999432424287527e-01
  67  9.9999432424287671e-01
  77  9.9999432425080126e-01
 136  9.9999432425403822e-01
 137  9.9999432425420054e-01
 156  9.9999432425436596e-01
 157  9.9999432425436652e-01
 158  9.9999432425437917e-01
  71  9.9999432425480328e-01
 778  9.9999432425496482e-01
 290  9.9999432425525159e-01
 282  9.9999432425536294e-01
 172  9.9999432425538126e-01
 277  9.9999432425538715e-01
 291  9.9999432425538781e-01
 279  9.9999432425544987e-01
 278  9.9999432425545653e-01
 162  9.9999432425576140e-01
 384  9.9999432425586865e-01
 289  9.9999432425600765e-01
 288  9.9999432425604140e-01
  58  9.9999432425652046e-01
 295  9.9999432425721757e-01
  75  9.9999432425729995e-01
 294  9.9999432425736323e-01
  57  9.9999432425740387e-01
  53  9.9999432425768187e-01
 272  9.9999432425784773e-01
  56  9.9999432425799983e-01
  74  9.9999432425801238e-01
 269  9.9999432425803081e-01
 268  9.9999432425803192e-01
  51  9.9999432425805224e-01
  52  9.9999432425805301e-01
  49  9.9999432425805312e-01
  50  9.9999432425805335e-01
  55  9.9999432425806045e-01
  54  9.9999432425806056e-01
  59  9.9999432425806856e-01
 270  9.9999432425807155e-01
 271  9.9999432425807355e-01
 293  9.9999432425812274e-01
 267  9.9999432425818868e-01
 266  9.9999432425818913e-01
 265  9.9999432425818990e-01
  46  9.9999432425882351e-01
  40  9.9999432425884205e-01
  35  9.9999432425886825e-01
  37  9.9999432425887469e-01
  36  9.9999432425887513e-01
  38  9.9999432425887558e-01
  39  9.9999432425887569e-01
  45  9.9999432425895685e-01
  43  9.9999432425902035e-01
  44  9.9999432425903101e-01
  47  9.9999432425903600e-01
  92  9.9999432425906554e-01
  42  9.9999432425906731e-01
  41  9.9999432425907175e-01
  90  9.9999432425913348e-01
 175  9.9999432425956425e-01
  64  9.9999432425962687e-01
  61  9.9999432425971979e-01
  62  9.9999432425972001e-01
  63  9.9999432425972012e-01
  82  9.9999432426119861e-01
  83  9.9999432426119861e-01
  80  9.9999432426119994e-01
  81  9.9999432426119994e-01
 320  9.9999432426143842e-01
 321  9.9999432426143930e-01
  87  9.9999432426146040e-01
  86  9.9999432426146073e-01
  85  9.9999432426146095e-01
  84  9.9999432426146107e-01
  88  9.9999432426146251e-01
 386  9.9999432426178836e-01
 170  9.9999432426206525e-01
 132  9.9999432426284962e-01
 168  9.9999432426302493e-01
 169  9.9999432426304913e-01
 128  9.9999432426334656e-01
 129  9.9999432426334744e-01
   0  9.9999432426338064e-01
   1  9.9999432426338064e-01
   2  9.9999432426338064e-01
   3  9.9999432426338064e-01
   4  9.9999432426338175e-01
   5  9.9999432426338175e-01
   6  9.9999432426338175e-01
   7  9.9999432426338175e-01
  32  9.9999432426340107e-01
  30  9.9999432426342427e-01
  24  9.9999432426342816e-01
  25  9.9999432426342882e-01
  27  9.9999432426343038e-01
  26  9.9999432426344037e-01
  23  9.9999432426344304e-01
  28  9.9999432426344781e-01
  31  9.9999432426344781e-01
  29  9.9999432426344792e-01
  21  9.9999432426344825e-01
  22  9.9999432426344825e-01
  20  9.9999432426344848e-01
  33  9.9999432426344859e-01
 130  9.9999432426347346e-01
  19  9.9999432426347801e-01
  12  9.9999432426347989e-01
  13  9.9999432426347989e-01
  14  9.9999432426348034e-01
  15  9.9999432426348034e-01
  16  9.9999432426348078e-01
  17  9.9999432426348100e-01
  18  9.9999432426348145e-01
  10  9.9999432426348278e-01
  11  9.9999432426348278e-01
   8  9.9999432426348289e-01
   9  9.9999432426348289e-01
 775  9.9999432426499746e-01
 770  9.9999432426534285e-01
 771  9.9999432426548884e-01
 769  9.9999432426549040e-01
 768  9.9999432426550183e-01
