0 0 0 0 0 0 0 0 0 0 0 0 1 0 2 0 0 0 0 2 0 0 2 0 0 2 0 0 2 0 0 1 0 0 0 0 0 0 2 0 0 0 2 0 2 0 2 0 0 0 2 0 2 0 1 0 0 0 2 0 2 0 1 0 2 0 0 2 0 0 1 0 2 0 2 0 2 0 0 2 0 2 0 2 0 2 0 2 0 2 0 0 0 1 0 2 0 2 0 2 0 2 0 0 2 0 2 0 0 2 0 2 0 2 0 2 0 2 0 2 0 2 0 1 0 2 0 2 0 2 0 2 0 0 2 0 2 0 1 0 0 2 0 2 0 2 0 0 1 0 0 2 0 1 0 2 0 1 0 2 0 1 0 2 0 1 0 2 0 2 0 2 0 2 0 2 0 2 0 2 0 0 2 0 2 0 1 0 0 2 0 0 2 0 2 0 2 0 1 0 1 0 1 0 0 2 0 0 0 2 0 2 0 0 1 0 0 1 0 0 1 0 0 2 0 2 0 0 1 0 2 0 0 2 0 0 2 0 1 0 2 0 0 2 0 0 1 0 2 0 1 0 2 0 0 
0 0 0 2 0 0 2 0 0 0 2 0 0 2 0 2 0 0 2 0 2 0 1 0 2 0 1 0 1 0 0 2 0 0 2 0 0 2 0 2 0 2 0 2 0 0 0 0 2 0 2 0 2 0 2 0 1 0 1 0 2 0 0 2 0 2 0 2 0 0 2 0 1 0 0 2 0 2 0 2 0 1 0 1 0 2 0 1 0 1 0 2 0 2 0 0 1 0 0 2 0 2 0 0 1 0 0 2 0 0 2 0 1 0 1 0 1 0 0 2 0 2 0 2 0 0 0 
0 0 2 0 1 0 2 0 2 0 1 0 1 0 2 0 2 0 1 0 1 0 0 2 0 2 0 2 0 2 0 2 0 2 0 2 0 2 0 2 0 0 1 0 0 2 0 0 1 0 2 0 1 0 0 2 0 2 0 2 0 2 0 
0 0 2 0 0 2 0 2 0 2 0 1 0 2 0 2 0 2 0 2 0 0 2 0 2 0 1 0 1 0 2 
2 0 2 0 2 0 0 2 0 2 0 2 0 1 0 
0 2 0 2 0 2 0 
0 1 0 
2 
 503  1.9717638030558017e-19
 511  2.1073606218603936e-19
 509  2.3050411556548392e-19
 507  1.3690035633043201e-17
 510  2.6358853037807579e-17
 499  3.0176772637302757e-17
 471  5.1483851781732904e-17
 483  6.6418998583067631e-16
 415  4.0053407555293953e-13
 498  1.0279572678644026e-12
 469  8.0850893512951373e-12
 497  1.1937682481958657e-11
 491  1.2530321218877786e-11
 508  2.1852210292367091e-11
 506  2.1920601606225415e-11
 505  2.1969252999247619e-11
 475  3.9401161343655765e-11
 502  4.2090399669899015e-11
 501  4.2140894985330665e-11
 468  1.0044334292086746e-10
 495  1.7992745684215899e-10
 489  3.8813814947874950e-10
 496  4.7932906247617487e-10
 455  4.8383748221772902e-10
 412  5.3857760253940537e-10
 337  6.0203242373620119e-10
 470  9.4161715185239242e-10
 414  1.7358048672306209e-09
 439  1.9141050653063426e-09
 488  2.1211812425069496e-09
 453  2.9775915826032386e-09
 482  4.3585222122576738e-09
 463  6.7258371652521140e-09
 409  1.3590814228605981e-08
 481  3.1722693354802657e-08
 452  3.8167757625885688e-08
 413  7.2739516887374406e-08
 480  1.3073172977733310e-07
 402  1.6016133211922125e-07
 336  1.8055140711740208e-07
 295  2.3445286052181513e-07
 333  3.5972617870102867e-07
 383  6.1063627370862660e-07
 504  6.2378219321740250e-07
 500  6.3412805457020671e-07
 494  6.5393424515614144e-07
 332  1.1700528452003389e-06
 490  1.3308311546604955e-06
 329  1.5437700348046617e-06
 465  1.5527706468456449e-06
 467  1.5603054329188903e-06
 493  1.9985687597933066e-06
 485  2.5397984913516025e-06
 410  2.7952530866680058e-06
 353  2.8904085401434259e-06
 407  3.1078341273661253e-06
 466  3.3207945931223690e-06
 487  3.9404354687991128e-06
 474  4.0192885711664809e-06
 473  4.1201857929633866e-06
 479  5.1405447563423829e-06
 403  5.6155184976087384e-06
 462  5.7395921134549877e-06
 448  5.8417604156693904e-06
 454  7.1064139771228414e-06
 308  7.6140590836589912e-06
 328  7.7861086314626489e-06
 461  8.1668640137410034e-06
 411  9.6117227950974948e-06
 408  1.0827318907695011e-05
 433  1.2134041031146873e-05
 395  1.3559858839551258e-05
 449  1.4720297293973764e-05
 438  1.5945466478130114e-05
 445  1.6196617107084846e-05
 459  1.8286360460546524e-05
 400  2.3466529087431790e-05
 451  3.3236224693397045e-05
 437  3.9460572263604950e-05
 464  4.3969718373570047e-05
 406  4.4899345815392637e-05
 398  4.8464523845157026e-05
 436  5.5425844105785390e-05
 427  6.0430511989992363e-05
 391  8.7567827178672994e-05
 293  1.1591696901577597e-04
 294  1.5115909912711558e-04
 292  2.4865949895618640e-04
 382  2.8095390484050452e-04
 275  2.8248298047827352e-04
 324  2.8335191562566008e-04
 331  3.1374908058895467e-04
 330  3.2903687853256240e-04
 325  3.3039491139805525e-04
 352  4.5653336840499018e-04
 447  5.1671917147346413e-04
 200  5.3423330738994266e-04
 377  5.4709845312571207e-04
 492  5.5325154516299227e-04
 486  5.7868508063641834e-04
 484  6.2099025746926810e-04
 327  6.7571093020017312e-04
 478  7.2718639894947729e-04
 349  7.9641219991303527e-04
 405  8.4320095261505282e-04
 381  8.4981229946413191e-04
 472  8.6310979751030414e-04
 477  8.8988553596277740e-04
 460  9.4021615961700712e-04
 432  9.4566327276016874e-04
 306  1.0058526006125909e-03
 401  1.0261608666908360e-03
 458  1.0731823872122796e-03
 348  1.1287511816607690e-03
 399  1.2249997663885306e-03
 380  1.2452089424916993e-03
 279  1.2781652352693875e-03
 444  1.5441395494701635e-03
 394  1.5786562897945619e-03
 305  1.5873721578839248e-03
 450  1.8423478851987238e-03
 393  1.9435281422767593e-03
 442  1.9587169377233730e-03
 345  2.0816377709863697e-03
 177  2.1916142547173919e-03
 404  2.3384687686373636e-03
 299  2.4983565042477843e-03
 457  2.5328885833170935e-03
 390  2.6554310057893080e-03
 446  2.6964037782126237e-03
 435  2.7507238743767447e-03
 371  3.0358420389570710e-03
 443  3.2179628152371920e-03
 430  3.3414809125539313e-03
 434  3.3613241942940662e-03
 424  3.5427775113221257e-03
 321  4.4166812231065692e-03
 265  4.7729643678579778e-03
 396  4.9306112715864952e-03
 431  5.2529517713454489e-03
 426  5.6009728854338582e-03
 291  6.3188010898307138e-03
 288  6.8691902421241929e-03
 389  7.1077336939971234e-03
 425  7.9218027578226644e-03
 274  8.5129463003753014e-03
 289  1.0048022292203321e-02
 387  1.1815284339962658e-02
 322  1.3295621149460446e-02
 421  1.3798388178697942e-02
 323  1.4436705235963552e-02
 290  1.4585687173697941e-02
 326  1.5883492508896063e-02
 344  1.5931016688805474e-02
 198  1.7820296945362378e-02
 273  2.0226853878875007e-02
 376  2.1999485273360323e-02
 320  2.3043957898311190e-02
 347  2.5400298804352149e-02
 197  2.5504281470538136e-02
 370  2.7447112589048875e-02
 379  2.7460296265976739e-02
 374  3.3614756961618066e-02
 476  3.3735133808489116e-02
 346  3.5638334514360943e-02
 456  3.5692833865874719e-02
 397  3.5803287448690803e-02
 304  3.7184864759742232e-02
 378  3.8020190081518052e-02
 196  4.0114342549047909e-02
 278  4.2253969209231752e-02
 392  4.8769139164503192e-02
 267  5.1676172992341660e-02
 375  5.4652372175061040e-02
 176  5.5011055707951922e-02
 172  5.5431108345066177e-02
 440  5.6110144891691270e-02
 298  5.8095293343160666e-02
 277  6.1284603746482001e-02
 441  6.3483314981471667e-02
 388  7.0238326684037941e-02
 264  7.3560177877227503e-02
 420  7.8136829430440785e-02
 260  7.9297404917524156e-02
 428  8.0151693872929405e-02
 297  8.2026262956370513e-02
 173  8.2433335230783264e-02
 369  8.5894755577000700e-02
 429  9.0122314227572220e-02
 341  9.2726466242924174e-02
 319  9.2765995308865631e-02
 183  9.2990520896296003e-02
 343  9.4669770395409955e-02
 386  1.0135208025954814e-01
 422  1.1832221347234406e-01
 423  1.2921040309119494e-01
 286  1.3155467329043369e-01
 232  1.3398328474803864e-01
 340  1.3591967063306951e-01
 271  1.4303217803521939e-01
 287  1.4544098803594205e-01
 261  1.5042670819107276e-01
 272  1.5178778554111000e-01
 285  1.5437371816237785e-01
 169  1.6197395090056307e-01
 367  1.8213758370619584e-01
 361  1.8392538185894239e-01
 385  1.8847786332665942e-01
 317  2.2320240453188295e-01
 363  2.2584860481538940e-01
 284  2.4135521995026782e-01
 195  2.5129176456615965e-01
 417  2.6182146264574246e-01
 318  2.6234794877114814e-01
 419  2.7452821782605824e-01
 316  2.8127875630023247e-01
 245  2.8293068038493457e-01
 368  2.9623250780613974e-01
 372  2.9661519411625498e-01
 257  3.2157477754615377e-01
 194  3.3693815202441474e-01
 266  3.5769402569198594e-01
 342  3.6107835767900170e-01
 373  3.6565994733890811e-01
 142  3.7414750346439951e-01
 276  3.8179785820710155e-01
 170  3.8795429728647118e-01
 313  3.9745027935876276e-01
 143  4.0425217812509978e-01
 193  4.3047913100289509e-01
 168  4.3142317501072874e-01
 248  4.3247614580103638e-01
 296  4.3691365386420916e-01
 171  4.5036887024354322e-01
 258  4.5585195948578572e-01
 182  4.7458145986139894e-01
 339  4.8474417838390510e-01
 263  4.8754347133781950e-01
 366  4.9141583707496578e-01
 270  5.2692280935537295e-01
 161  5.4227985864484018e-01
 384  5.4676152925624222e-01
 230  5.5807533085744887e-01
 360  5.5864041783721796e-01
 181  5.7562624838977949e-01
 256  5.7652754052915112e-01
 338  5.8495206798870625e-01
 111  5.9140464049919794e-01
 259  5.9450812415548071e-01
 283  6.1443179163821049e-01
 418  6.2141293846304257e-01
 229  6.3265043609342608e-01
 269  6.5775358462467226e-01
 180  6.7752502934029990e-01
 335  6.8517957590467038e-01
 365  6.9032461053355154e-01
 164  6.9066775179959849e-01
 362  6.9371094330734773e-01
 315  7.0705504909841277e-01
 244  7.1665410934718909e-01
 167  7.1865604722371978e-01
 416  7.2812083615356160e-01
 282  7.3316045285101117e-01
 357  7.3701526549917951e-01
 165  7.4113206343328153e-01
 228  7.4225371988752553e-01
  65  7.4552158562346771e-01
 312  7.5986697383407176e-01
 314  7.6743373822398520e-01
 281  7.7154459243716567e-01
 252  7.8603704317502421e-01
 356  8.1715751280067872e-01
 241  8.3049522279543886e-01
 140  8.3795594077085056e-01
 255  8.4312255167344841e-01
 215  8.4560222557262565e-01
 192  8.6373183080940186e-01
 141  8.6510067520847400e-01
 246  8.6542236243375781e-01
 359  8.7276497428431365e-01
 262  8.8097281860244547e-01
 253  8.8725126904675522e-01
 237  8.9376342655639707e-01
 137  8.9712459098626940e-01
 309  9.0293674891647369e-01
 214  9.0575950924479398e-01
 160  9.0738850094565948e-01
 155  9.0748837499911184e-01
 139  9.1774724683598286e-01
 364  9.1852907611763468e-01
 166  9.1867590696207158e-01
 110  9.2865229647867686e-01
 131  9.3988138799838794e-01
 268  9.4212839005260463e-01
 179  9.4238343077692177e-01
 303  9.4250231160489129e-01
 311  9.4343271230803472e-01
 240  9.4671342685179960e-01
 254  9.4995668297826652e-01
 157  9.5043834450478659e-01
 136  9.5167817316703529e-01
 243  9.5848997955192849e-01
 227  9.5952320070018626e-01
 109  9.6052056745390391e-01
 334  9.6447580632513652e-01
 178  9.6504509170178787e-01
 162  9.6667627091070174e-01
 123  9.6807200119051084e-01
  63  9.7678495568712398e-01
 107  9.7773265725114167e-01
 226  9.7833378800540050e-01
 163  9.7990482324678074e-01
 154  9.8061259983355875e-01
 175  9.8077683258908299e-01
 355  9.8105874089021228e-01
 280  9.8197407542387327e-01
 224  9.8440298989903019e-01
 130  9.8448650026446338e-01
 250  9.8458243517754152e-01
 225  9.8511983213109500e-01
 358  9.8525627915033165e-01
  61  9.8679372531092091e-01
 103  9.8830543022870587e-01
 354  9.8929017911788275e-01
 249  9.9154303493738449e-01
  59  9.9314485488634574e-01
 310  9.9343137624014954e-01
 351  9.9421955515700966e-01
  79  9.9462142964409572e-01
 213  9.9464972547123498e-01
 159  9.9477790020579393e-01
 236  9.9601514408544012e-01
 251  9.9647916869780540e-01
  58  9.9675785467568601e-01
 307  9.9688757871692091e-01
 212  9.9722532649120110e-01
 211  9.9736078583284038e-01
 138  9.9773322546712373e-01
 242  9.9795806078653071e-01
 233  9.9807877773445808e-01
 153  9.9835651952637317e-01
 239  9.9843298992277929e-01
  47  9.9849858055768725e-01
 210  9.9867830508202593e-01
 207  9.9877356717037491e-01
 302  9.9888353697492072e-01
 156  9.9918800718412371e-01
 108  9.9926589720622105e-01
 135  9.9928760962034313e-01
  31  9.9931754474756329e-01
 134  9.9934616535578702e-01
 238  9.9935873862850122e-01
 129  9.9938593483691007e-01
 205  9.9940873521445639e-01
 301  9.9945138627419827e-01
 147  9.9947579338348413e-01
 151  9.9958089196270716e-01
  95  9.9963701601952948e-01
 122  9.9965951179376988e-01
 133  9.9967947586062200e-01
 221  9.9977149725990411e-01
 106  9.9977181310678387e-01
 121  9.9985591196932266e-01
 174  9.9987169661717212e-01
 152  9.9990679196662624e-01
 158  9.9991252275403886e-01
 222  9.9992907579613244e-01
 118  9.9993043977456419e-01
 105  9.9993446625641225e-01
 191  9.9993490581182254e-01
 102  9.9993833384613484e-01
  60  9.9994034284975775e-01
 128  9.9994170834187357e-01
 127  9.9994194985537166e-01
 150  9.9996208651670737e-01
 223  9.9997098771661086e-01
 126  9.9997477440406135e-01
 247  9.9997999770241985e-01
 235  9.9998424105735295e-01
 220  9.9998531510717370e-01
 101  9.9998562133895474e-01
 350  9.9998821920026859e-01
  78  9.9999060137851070e-01
 119  9.9999512572490301e-01
  99  9.9999559848257857e-01
  57  9.9999634292805428e-01
  94  9.9999697297848722e-01
  77  9.9999736197073874e-01
  56  9.9999801908026276e-01
  46  9.9999860489573611e-01
 231  9.9999871019162268e-01
  55  9.9999876170213520e-01
  75  9.9999884865339184e-01
 206  9.9999889361925531e-01
 209  9.9999893758829028e-01
  71  9.9999911680629994e-01
  53  9.9999914186384053e-01
 208  9.9999915366338188e-01
  52  9.9999921168391925e-01
 204  9.9999924075788171e-01
  30  9.9999924456899569e-01
 300  9.9999928290982532e-01
 146  9.9999929837874713e-01
  45  9.9999930957019278e-01
 132  9.9999935107346427e-01
  43  9.9999936927381106e-01
 145  9.9999937171905451e-01
 234  9.9999937314372966e-01
  29  9.9999937549905793e-01
 201  9.9999937594897426e-01
  40  9.9999937754207069e-01
 190  9.9999937771328007e-01
 149  9.9999937861851163e-01
 120  9.9999937912402781e-01
 104  9.9999938162693969e-01
  27  9.9999938320598603e-01
 217  9.9999938336959227e-01
  23  9.9999938349560014e-01
  93  9.9999938380853592e-01
 189  9.9999938417438694e-01
 188  9.9999938442075775e-01
  17  9.9999938466552074e-01
 219  9.9999938546637024e-01
  91  9.9999938546706202e-01
  87  9.9999938566401436e-01
 100  9.9999938567164948e-01
 116  9.9999938578903846e-01
 148  9.9999938580346370e-01
 113  9.9999938583667547e-01
 125  9.9999938583867898e-01
  90  9.9999938585285919e-01
  88  9.9999938585292836e-01
  89  9.9999938585292836e-01
  92  9.9999938585586978e-01
  86  9.9999938585777881e-01
  84  9.9999938585779891e-01
  83  9.9999938585780357e-01
  82  9.9999938585780401e-01
  85  9.9999938585780412e-01
  80  9.9999938585780512e-01
  81  9.9999938585780512e-01
 124  9.9999938587056303e-01
 218  9.9999938587284365e-01
  98  9.9999938587790249e-01
  97  9.9999938587853754e-01
  96  9.9999938588018766e-01
 186  9.9999938588021497e-01
 184  9.9999938588021686e-01
 185  9.9999938588021731e-01
 187  9.9999938588021864e-01
 112  9.9999938588056725e-01
 117  9.9999938588133142e-01
 216  9.9999938588138926e-01
 115  9.9999938588204251e-01
 114  9.9999938588204995e-01
  62  9.9999938588426818e-01
  64  9.9999938588426873e-01
 199  9.9999938588549864e-01
  76  9.9999938588704551e-01
  66  9.9999938588827109e-01
  67  9.9999938588827109e-01
  74  9.9999938588828730e-01
  70  9.9999938588834691e-01
  73  9.9999938588839377e-01
  72  9.9999938588839921e-01
  68  9.9999938588840487e-01
  69  9.9999938588840753e-01
 203  9.9999938589014326e-01
 202  9.9999938589176862e-01
  18  9.9999938589189097e-01
  19  9.9999938589189097e-01
  54  9.9999938589227777e-01
  25  9.9999938589231352e-01
  24  9.9999938589231918e-01
  26  9.9999938589231951e-01
 144  9.9999938589238468e-01
  28  9.9999938589239845e-01
  22  9.9999938589240034e-01
  20  9.9999938589240633e-01
  21  9.9999938589240633e-01
   4  9.9999938589333537e-01
   5  9.9999938589333537e-01
   6  9.9999938589333537e-01
   7  9.9999938589333537e-01
   2  9.9999938589333948e-01
   3  9.9999938589333948e-01
   0  9.9999938589333959e-01
   1  9.9999938589333959e-01
  34  9.9999938589409809e-01
  35  9.9999938589409809e-01
  32  9.9999938589409942e-01
  33  9.9999938589409942e-01
  12  9.9999938589410542e-01
  13  9.9999938589410542e-01
  14  9.9999938589410586e-01
  16  9.9999938589410609e-01
  15  9.9999938589410675e-01
   8  9.9999938589410720e-01
   9  9.9999938589410720e-01
  10  9.9999938589410764e-01
  11  9.9999938589410764e-01
  41  9.9999938589424042e-01
  44  9.9999938589429616e-01
  38  9.9999938589430082e-01
  39  9.9999938589430082e-01
  36  9.9999938589431281e-01
  37  9.9999938589431281e-01
  42  9.9999938589433657e-01
  49  9.9999938589433679e-01
  48  9.9999938589433690e-01
  50  9.9999938589438131e-01
  51  9.9999938589440862e-01
