0 1 0 0 0 0 1 0 1 0 0 0 1 0 1 0 0 1 0 1 0 0 1 0 0 0 1 0 1 0 0 0 0 0 1 0 1 0 1 0 1 0 1 0 1 0 1 0 1 0 1 0 1 0 1 0 1 0 1 0 1 0 1 0 1 0 1 0 1 0 1 0 1 0 1 0 1 0 1 0 1 0 1 0 1 0 1 0 1 0 1 0 1 0 1 0 0 1 0 0 1 0 1 0 1 0 1 0 0 1 0 0 1 0 1 0 1 0 1 0 0 1 0 0 1 0 1 0 1 0 1 0 1 0 1 0 1 0 1 0 1 0 1 0 1 0 1 0 1 0 1 0 1 0 1 0 1 0 0 0 1 0 1 0 1 0 1 0 1 0 1 0 1 0 0 0 1 0 1 0 0 0 0 0 0 0 0 0 0 0 1 0 0 1 0 1 0 1 0 0 1 0 1 0 0 1 0 0 1 0 1 0 0 0 0 0 0 1 0 0 0 0 0 0 1 0 1 0 0 0 0 0 0 0 0 0 0 0 0 0 0 0 0 0 0 0 0 0 0 0 0 0 0 0 0 
0 0 0 1 0 0 1 0 0 0 1 0 0 1 0 0 1 0 1 0 1 0 1 0 1 0 1 0 1 0 1 0 1 0 1 0 1 0 1 0 1 0 1 0 1 0 1 0 0 0 1 0 1 0 0 0 1 0 1 0 0 1 0 0 1 0 1 0 1 0 1 0 1 0 1 0 1 0 1 0 1 0 1 0 1 0 1 0 1 0 1 0 0 0 0 1 0 1 0 0 1 0 0 0 1 0 1 0 0 1 0 0 1 0 0 0 0 0 0 0 0 0 0 0 0 0 0 
0 0 1 0 0 1 0 0 1 0 1 0 1 0 1 0 1 0 1 0 1 0 1 0 0 1 0 0 1 0 0 0 1 0 1 0 1 0 1 0 1 0 1 0 1 0 1 0 0 1 0 0 1 0 0 0 1 0 0 0 0 0 0 
0 1 0 0 1 0 1 0 1 0 1 0 0 1 0 0 1 0 1 0 1 0 1 0 0 1 0 0 1 0 0 
0 0 1 0 1 0 0 0 1 0 1 0 0 1 0 
0 1 0 0 1 0 0 
0 1 0 
0 
 495  5.1246157688472699e-36
 479  4.9430205910836169e-32
 471  8.9508676524704048e-32
 385  2.5445247096823011e-27
 511  3.1588688121493598e-24
 507  3.4238281540623066e-24
 503  4.5144106463958901e-24
 478  7.8656655844859956e-22
 494  2.0304351593113025e-21
 509  4.1952996875612334e-21
 510  5.8744512491076777e-21
 493  1.6000403307767764e-20
 487  1.6242409005129164e-20
 491  1.2923820706803364e-19
 499  3.7363374687634960e-19
 477  1.1933533915406879e-18
 463  2.1100968790129472e-18
 470  5.4254668670169086e-18
 379  6.2303575480584135e-18
 475  6.6566011480742224e-18
 469  7.1762454440151029e-18
 447  8.0896231206747860e-18
 502  1.5983870046313151e-17
 431  1.6442180750698327e-17
 459  2.3421887296731886e-17
 467  4.0598372824519325e-17
 501  5.7575799500045702e-17
 384  2.5800285671869523e-16
 367  5.3110176317241613e-16
 382  5.8321261077178629e-16
 375  6.0984196240988557e-16
 365  1.5837771656482512e-15
 429  1.6368404696663946e-15
 508  1.6569179945656251e-15
 351  1.6700756365941458e-15
 506  1.7445097526975703e-15
 377  1.7971217667571147e-15
 371  2.3253561916178921e-15
 505  2.7744069327041219e-15
 378  3.0037145341479166e-15
 349  4.3489298391717437e-15
 317  8.6412887162076016e-14
 319  2.1839528746194037e-13
 476  4.2619003747397415e-13
 500  8.5497038915957751e-13
 255  1.2449998023496854e-12
 498  2.4691828716117032e-12
 497  2.4750509779782276e-12
 504  2.5070244911294881e-12
 492  4.3300132429520341e-12
 490  4.3326302609069960e-12
 489  4.3377945703072780e-12
 430  5.7768575510914683e-12
 486  8.6599326513173455e-12
 485  8.6654461952470451e-12
 474  9.2873886751954748e-12
 473  9.3207212510637876e-12
 483  1.7319362472049630e-11
 462  1.7586675332060794e-11
 461  1.7670792012258620e-11
 446  3.5133984304204012e-11
 455  3.5647742533281819e-11
 468  5.0766440142988124e-11
 466  5.0891567333729474e-11
 465  5.0984615409705804e-11
 443  7.1436262316720220e-11
 445  8.9846739055430358e-11
 458  1.0474941143083688e-10
 457  1.0499843708232582e-10
 380  1.2143284430623865e-10
 454  1.3554528476237544e-10
 441  1.6666932421919278e-10
 191  2.2336491212165108e-10
 190  2.5368664252704562e-10
 407  2.8814309885410510e-10
 423  2.9428481260926867e-10
 427  3.6323630074517097e-10
 366  5.2705855303405577e-10
 415  6.3241083716202170e-10
 428  6.5074809077412114e-10
 425  6.6391056247974484e-10
 374  7.0528818514727809e-10
 373  7.0681771836694180e-10
 422  7.1350864674308670e-10
 350  8.9967096640110470e-10
 359  1.0848140941609308e-09
 376  1.3704330025707490e-09
 370  1.3749034224034359e-09
 369  1.3818179548025563e-09
 363  1.4539779730888546e-09
 364  1.5002161812146200e-09
 361  1.8662084554276840e-09
 343  1.9212011892558713e-09
 358  2.3774318857373179e-09
 347  2.6388752961356773e-09
 348  2.8265328531621885e-09
 318  3.2498317996301567e-09
 346  3.4212821275360492e-09
 335  4.0181148849734835e-09
 342  4.5963919833090507e-09
 406  5.1813314923968461e-09
 315  6.1320770297083626e-09
 311  7.0137077503345907e-09
 316  9.4546727521459497e-09
 314  9.5041388018139259e-09
 287  1.0117313228503164e-08
 334  1.0388123698982679e-08
 303  1.7798759160751381e-08
 310  1.8788972370017447e-08
 302  4.7944299002271466e-08
 251  6.1923216368358556e-08
 239  6.2279442724633933e-08
 254  8.9137753301990305e-08
 250  1.6799405300023084e-07
 286  1.8590394902386036e-07
 496  2.0076235359430787e-07
 488  2.0321130027156327e-07
 484  2.0758881329531365e-07
 482  2.1526535450612863e-07
 481  2.3059910326209819e-07
 472  3.7246399029370821e-07
 453  4.3952867982413568e-07
 460  4.8112255212237329e-07
 451  5.0904237678630725e-07
 189  7.1823928291034617e-07
 444  7.4604763725178800e-07
 442  7.6845241442845309e-07
 187  8.1801410974471844e-07
 464  8.5467591175323857e-07
 439  8.5999656629950985e-07
 456  8.9694057086704202e-07
 452  9.4185694935120870e-07
 450  9.9414134670508610e-07
 183  1.1200362887518718e-06
 238  1.2570663583357456e-06
 188  1.4131255980067354e-06
 186  1.4536629644062447e-06
 440  1.5128196741237771e-06
 437  1.5345415886497896e-06
 426  1.8433011577737248e-06
 421  1.9350276677715799e-06
 182  2.0078441486311777e-06
 419  2.3043882656618567e-06
 175  2.4172171422309779e-06
 436  3.0237069913030663e-06
 159  3.3602107429597602e-06
 372  3.4851999352049747e-06
 424  3.5230794269858327e-06
 414  3.5607148535652870e-06
 362  3.6252939685574328e-06
 420  3.6910349347855796e-06
 413  3.6985313788891228e-06
 357  3.7922540271497705e-06
 418  3.8649508500967825e-06
 355  4.5358689811669469e-06
 174  5.0833887489079665e-06
 345  5.7418109846672916e-06
 341  5.8252254191142314e-06
 339  6.6637073055234545e-06
 368  6.8265335324451360e-06
 360  7.0527587377420121e-06
 253  7.1849539388844907e-06
 412  7.2045572126663437e-06
 356  7.3752617221596456e-06
 405  7.8578929254874931e-06
 354  7.8756227023869280e-06
 403  9.3814570136402871e-06
 333  9.9721862920439405e-06
 344  1.1010055052975302e-05
 340  1.1185481073513438e-05
 331  1.1422933832939556e-05
 338  1.1577177883191185e-05
 396  1.1870869474272740e-05
 313  1.2792921417427979e-05
 309  1.3092063283522595e-05
 404  1.5171836586383833e-05
 307  1.5285984794817888e-05
 402  1.5770195389468273e-05
 399  1.6430286473973030e-05
 332  1.9126420571637340e-05
 252  1.9613523018945261e-05
 330  1.9733315981939265e-05
 327  1.9836506862186379e-05
 158  2.0197287480090636e-05
 312  2.4679530578499646e-05
 301  2.4954709415458112e-05
 308  2.5261388991010255e-05
 306  2.6274633421441119e-05
 299  2.8941688952090029e-05
 326  3.5910290493355119e-05
 295  4.3701138349814149e-05
 300  4.7935846410635022e-05
 249  4.9171128920602777e-05
 298  4.9832435340147842e-05
 127  5.0581686392400826e-05
 393  5.1756478820653161e-05
 285  5.6011338233813193e-05
 283  6.8459594289419965e-05
 247  6.9155170574321863e-05
 294  8.5022240249583032e-05
 248  9.5013870263647692e-05
 279  9.7681065904486989e-05
 245  1.0767397493555856e-04
 284  1.0782407606084246e-04
 282  1.1474216277086099e-04
 271  1.1569325861087779e-04
 126  1.1831939479369106e-04
 244  1.5763701651953983e-04
 237  1.7056900111289829e-04
 278  1.8032880513804941e-04
 235  2.2398997266818432e-04
 185  2.4243001991694211e-04
 181  2.5813924410588725e-04
 449  3.0007011224286706e-04
 179  3.2347567789785774e-04
 231  3.2664980975282299e-04
 236  3.3594503269552867e-04
 480  3.4833944331444161e-04
 234  3.6907875004200583e-04
 270  3.7538558786104597e-04
 438  3.8881145092299537e-04
 173  4.0689738941307099e-04
 435  4.2910408254450132e-04
 184  4.6892597494873213e-04
 180  4.9511844398011863e-04
 434  5.0405733013746579e-04
 417  5.3099620956191822e-04
 223  5.3637449552427618e-04
 171  5.4347471049301062e-04
 178  5.5185502365803763e-04
 230  5.6159056303584423e-04
 448  6.0202076225988313e-04
 433  6.5282031287058103e-04
 411  7.4279471335780888e-04
 172  7.6939403048975326e-04
 167  8.4263960225604523e-04
 410  8.5466000124472137e-04
 170  8.9799413598783671e-04
 157  9.4210800264068724e-04
 416  9.6296152900541654e-04
 401  9.6897070466800145e-04
 409  1.0537632476842896e-03
 353  1.0823374831996425e-03
 337  1.1784628030852770e-03
 329  1.3569064921100727e-03
 155  1.3806864005866451e-03
 398  1.3991294751210281e-03
 166  1.5168292312966241e-03
 325  1.6666889939982138e-03
 400  1.6953560293850962e-03
 397  1.7103640481193319e-03
 156  1.7350485879362935e-03
 305  1.7806511195218003e-03
 215  2.0542694449377534e-03
 352  2.0673336899578658e-03
 394  2.1103244283122977e-03
  63  2.1580203960095369e-03
 151  2.2085812743468866e-03
 297  2.2169753489219880e-03
 336  2.2296456441689189e-03
 154  2.2439699890506671e-03
 323  2.2753642423728898e-03
 328  2.5250181606289411e-03
 392  2.8756733742468709e-03
 293  2.9105005121516730e-03
 324  3.0317282944934609e-03
 125  3.3293048742011415e-03
 304  3.3333287725019088e-03
 391  3.3855453249021757e-03
 281  3.7551041213514775e-03
 214  3.8254266835133326e-03
 322  3.8863832420564185e-03
 150  3.9167979164845945e-03
 296  4.0429844919758016e-03
 291  4.1735329698970097e-03
 389  4.6281817853055995e-03
 123  5.0882375214112863e-03
 277  5.1262722820322459e-03
 292  5.1692539078663649e-03
 246  5.2018160293460548e-03
 143  5.3260958239853030e-03
 124  5.8609457156870558e-03
 243  6.1816848347379279e-03
 280  6.6572207452753893e-03
 290  6.9379259932731089e-03
 388  7.4717909167062915e-03
 275  7.5600267716990693e-03
 242  7.7658185369023002e-03
 122  8.3224214873427044e-03
 276  8.9079185741661182e-03
 233  8.9359645064934611e-03
 119  9.1284241071531713e-03
 269  9.2108075663776424e-03
 142  9.9591839659150406e-03
 241  1.0374020415776232e-02
 274  1.2491302719673128e-02
 177  1.2829257321545618e-02
 229  1.3240253648258088e-02
 267  1.4164785162184307e-02
 232  1.5106773889927885e-02
 268  1.5483764872235253e-02
 118  1.5878584180244820e-02
 169  1.8720373897479294e-02
 227  2.0315813166191309e-02
 228  2.1874221771518775e-02
 176  2.2262610557931148e-02
 266  2.3132491974880008e-02
 111  2.4099222546338214e-02
 222  2.5198333630279512e-02
 263  2.5242320534716780e-02
 165  2.8549010043776468e-02
 168  3.1528946499008663e-02
 226  3.2639831284975072e-02
 432  3.2962789047707025e-02
 153  3.6956230094714888e-02
 408  3.8298106219427287e-02
 221  3.8357636417149961e-02
 110  4.0311771687957687e-02
 262  4.2273030305589217e-02
 163  4.2686024917478943e-02
 164  4.6397385855204351e-02
 395  4.8072072453802565e-02
  62  5.1642073450398999e-02
 321  5.4372488015335160e-02
 213  5.7857630152049838e-02
 149  5.8038517158937979e-02
 220  5.8218435185342761e-02
 152  5.9407232885189239e-02
 390  6.4250609654608673e-02
 162  6.8445514172949112e-02
  95  7.0904857498201898e-02
  61  7.7313816573483865e-02
 289  7.9615912869111793e-02
 147  8.7689878565006360e-02
 211  8.8799013045599465e-02
 212  8.9038873536520013e-02
 320  8.9283933830940659e-02
 148  9.0434710834913654e-02
 387  9.0829047841920335e-02
 121  9.3547818860403517e-02
 141  1.0942405631863046e-01
  94  1.0993502052229606e-01
 273  1.1879596469335996e-01
 288  1.2514093890429373e-01
  59  1.2732316364233545e-01
 386  1.2769827250465390e-01
 210  1.3369490819150220e-01
 146  1.3398039325872985e-01
 240  1.3938239883922687e-01
 120  1.4191743473323276e-01
 117  1.4576473848249896e-01
 207  1.5146125913171468e-01
 140  1.6261050307401903e-01
 139  1.6296562553274457e-01
 265  1.7781401678071629e-01
 272  1.7888154774881387e-01
 383  1.8127358491374926e-01
  58  1.8613173098910926e-01
 115  2.1152088620396825e-01
 116  2.1181576317052878e-01
 225  2.1744730836251561e-01
 206  2.1896918243813873e-01
 138  2.3498814765684090e-01
 109  2.5367350310350939e-01
 264  2.5492401654581270e-01
 261  2.5813635338856256e-01
 135  2.6025607716961141e-01
 114  2.9680083076396496e-01
 224  3.0108595542206390e-01
 219  3.1055082895115016e-01
 161  3.2823584909130310e-01
 108  3.4577982367313809e-01
 107  3.4972307299424998e-01
 259  3.4973389577018049e-01
  51  3.5099283129024583e-01
 260  3.5157653481508733e-01
 134  3.5585958809197576e-01
 199  3.8292101628873015e-01
 218  4.0098391280547230e-01
  60  4.3104381273003967e-01
 160  4.3463568912865685e-01
  93  4.3561549408473255e-01
 106  4.5628391409336894e-01
 258  4.5681212495980866e-01
 145  4.7587614353910085e-01
 209  4.7917235931464519e-01
 103  4.8466526431085233e-01
 217  4.9733698604584842e-01
  40  5.3203222166362063e-01
  92  5.4604735728037268e-01
  91  5.5102986833233536e-01
  57  5.6650661863772889e-01
 208  5.8504834843093745e-01
 144  5.8615271847880479e-01
 102  5.9740414369719319e-01
 205  6.1121723450163545e-01
 137  6.2997044467960017e-01
 381  6.3166496418413742e-01
  90  6.5993243710126082e-01
  56  6.6777989223876855e-01
  55  6.7341835663789185e-01
  87  6.7982429964571123e-01
 113  6.9873517076474112e-01
 204  7.0830355066455253e-01
 203  7.1366627915827086e-01
 136  7.2730149475432682e-01
 133  7.5590970145236369e-01
  54  7.6382479256343172e-01
  86  7.7535186959830427e-01
 112  7.8590553645378225e-01
  79  7.9553241716900192e-01
 202  7.9752978049616419e-01
  50  8.1056982375576414e-01
 257  8.3099896035060206e-01
 132  8.3177772563750141e-01
 105  8.3234441290428085e-01
 198  8.3335585141319335e-01
 131  8.3631128294803303e-01
  78  8.6809997479917922e-01
  49  8.7122978144709129e-01
  47  8.7522535096102994e-01
 197  8.8855458123205755e-01
 256  8.8872766627863042e-01
 104  8.8964941495036198e-01
 130  8.9395215806055150e-01
 216  8.9843266747945671e-01
 101  9.1019810722440031e-01
  38  9.1356510093825538e-01
  46  9.2290275471312622e-01
 196  9.3109696903205219e-01
  89  9.3617837642741597e-01
 100  9.4467298254281984e-01
  37  9.4592064457857072e-01
  99  9.4677435022039336e-01
  88  9.6165590786214838e-01
  36  9.6861263121474583e-01
  98  9.6885781692975015e-01
  53  9.6901528228793243e-01
  31  9.7033759042533629e-01
  85  9.7159173151752176e-01
 201  9.7710475368013516e-01
  52  9.8190554581387912e-01
  84  9.8389821312217118e-01
  30  9.8430557156496135e-01
  83  9.8455251398044918e-01
 200  9.8684886870285404e-01
  77  9.8982902492302594e-01
  82  9.9158108485214969e-01
  18  9.9193926726730797e-01
 129  9.9354694323575110e-01
  48  9.9442624517413014e-01
  76  9.9453128183597983e-01
  75  9.9477150653651092e-01
  45  9.9644934312598477e-01
 128  9.9648241254019654e-01
 195  9.9716553024718513e-01
  74  9.9727445432815720e-01
  71  9.9743684860479109e-01
  44  9.9814500653003224e-01
  43  9.9825488728644884e-01
 194  9.9851435540170363e-01
  70  9.9867423048557036e-01
  41  9.9912068315357827e-01
 193  9.9924179847707684e-01
  35  9.9940808429047334e-01
  97  9.9942434182999540e-01
  96  9.9970347792855319e-01
  34  9.9970853367224199e-01
  33  9.9985939255509781e-01
  29  9.9986276597716905e-01
  28  9.9993406780600180e-01
  27  9.9994682419341652e-01
  81  9.9996057623404722e-01
  26  9.9997072124661235e-01
  23  9.9997592368408328e-01
  80  9.9997965618954310e-01
  16  9.9998279133554968e-01
  19  9.9998782357879301e-01
  14  9.9999138163178791e-01
  73  9.9999562030877231e-01
  11  9.9999647277519699e-01
  72  9.9999709512920831e-01
   7  9.9999751885100507e-01
  42  9.9999756473574641e-01
  69  9.9999802393961623e-01
  68  9.9999829368422699e-01
  67  9.9999837790753476e-01
 192  9.9999838542840591e-01
  39  9.9999848537704994e-01
  65  9.9999848825654936e-01
  32  9.9999857447198193e-01
  22  9.9999858090510041e-01
  25  9.9999858101863537e-01
  24  9.9999858104428474e-01
  64  9.9999858105645167e-01
  21  9.9999858105715878e-01
  17  9.9999858105994111e-01
  10  9.9999858105996919e-01
  12  9.9999858106140049e-01
  13  9.9999858106149631e-01
  66  9.9999858106152439e-01
   9  9.9999858106169026e-01
   8  9.9999858106169737e-01
  15  9.9999858106187511e-01
  20  9.9999858106227990e-01
   6  9.9999858106246475e-01
   0  9.9999858106282513e-01
   1  9.9999858106282535e-01
   5  9.9999858106284079e-01
   4  9.9999858106284933e-01
   3  9.9999858106284989e-01
   2  9.9999858106285067e-01
