0 0 1 0 0 1 0 0 1 0 1 0 1 0 1 0 1 0 1 0 1 0 1 0 0 1 0 0 1 0 0 
0 1 0 0 1 0 1 0 1 0 1 0 0 1 0 
0 0 1 0 1 0 0 
0 1 0 
0 
  63  1.0772986174491727e-10
  62  1.1818359845259703e-06
  61  1.2047562366770289e-06
  59  2.0917100891538075e-06
  47  2.3876072828661053e-06
  58  4.3756461990344078e-06
  46  2.5573357077155734e-05
  57  3.1692659794249281e-04
  60  3.7196400296867404e-04
  55  4.6657425431036192e-04
  56  5.8841466593050095e-04
  53  7.0849328964713259e-04
  45  1.0914581280609488e-03
  52  1.0929683639948223e-03
  43  1.6270974710527106e-03
  44  1.9970578169750666e-03
  42  2.6226198177069344e-03
  39  2.6518556263341506e-03
  38  4.6440134075980801e-03
  31  6.5098042530452324e-03
  30  1.1830032214165212e-02
  54  1.8318106272295572e-02
  51  2.4500410135899511e-02
  50  3.4276592185462945e-02
  41  4.1805375066587026e-02
  49  4.9478172537852770e-02
  15  5.6892387309227736e-02
  37  6.5848827141404068e-02
  40  6.6285488868948514e-02
  35  9.9216321958272694e-02
  36  1.0110011019285875e-01
  29  1.2259325475429117e-01
  34  1.4908196294468137e-01
  28  1.7946720880706071e-01
  27  1.8081509784689156e-01
  26  2.5644261480405900e-01
  23  2.8238742770256520e-01
  48  3.4193047722599063e-01
  14  3.7362796564042072e-01
  22  3.7984869556068107e-01
  13  4.7048337502579746e-01
  33  5.0385263181766471e-01
  12  5.7613294104696955e-01
  32  6.1083822277330102e-01
  25  6.5618791142016963e-01
   9  7.0726470337768765e-01
  24  7.4844582483231314e-01
  21  7.7610937663401913e-01
  20  8.4663977745117991e-01
  19  8.5107500437730921e-01
  11  9.0015675958894759e-01
  18  9.0391184744353403e-01
  10  9.3650362749410077e-01
   8  9.6931023647961112e-01
   7  9.7046744233987536e-01
   6  9.8334202748926880e-01
   3  9.9111412766108031e-01
  17  9.9466833644916475e-01
  16  9.9710847635062050e-01
   5  9.9983926283134783e-01
   4  9.9992086293591254e-01
   2  9.9997322853566240e-01
   1  9.9999002239086310e-01
   0  9.9999975541136443e-01
