0 0 2 0 0 2 0 2 0 2 0 1 0 2 0 2 0 2 0 2 0 0 2 0 2 0 1 0 1 0 2 
2 0 2 0 2 0 0 2 0 2 0 2 0 1 0 
0 2 0 2 0 2 0 
0 1 0 
2 
  63  7.7931030731327546e-08
  62  6.9389654622137404e-05
  61  7.2681307813412974e-05
  59  1.0589892618835809e-04
  58  1.6726041171118497e-04
  51  2.9949998498906302e-04
  41  1.5244779228105756e-03
  60  4.4525761699141884e-03
  50  4.7230327323677761e-03
  57  4.8385763034055505e-03
  55  7.5817211925437653e-03
  56  8.0947482791474765e-03
  54  1.1724446936437968e-02
  49  1.8249141290284789e-02
  40  3.7584395935040690e-02
  36  3.8660626280899245e-02
  43  5.6176890428323453e-02
  47  5.7723093986877819e-02
  37  7.5506247594139125e-02
  48  1.0340005568075089e-01
  53  1.1965460015279848e-01
  52  1.6734642914076137e-01
  24  2.4387192324351845e-01
  33  2.5286820106490582e-01
  46  2.7500211579904882e-01
  34  3.2385787961861284e-01
  21  3.5776145593606951e-01
  42  3.7308092945961085e-01
  35  4.3332657800376789e-01
  45  4.3560724511145965e-01
  32  4.4247149436562000e-01
  39  4.8608580281998121e-01
  22  7.1226452823289088e-01
  20  7.1395543873425693e-01
  28  7.5211030225344666e-01
  31  7.6829130946933999e-01
  44  7.9355948501094320e-01
  29  8.4408386817934444e-01
  17  8.8510609666339757e-01
  16  8.8611637073069227e-01
  38  8.8746189806785014e-01
  30  8.9389247885777123e-01
  19  9.2266360416369364e-01
  13  9.3304586380892063e-01
   7  9.6265515623014242e-01
  26  9.7877264602063374e-01
  25  9.8810357294496620e-01
  18  9.8904975738024259e-01
  27  9.9305477743796711e-01
  14  9.9587829757757651e-01
  12  9.9721593636719263e-01
  15  9.9810236897724169e-01
   9  9.9932354309817173e-01
   6  9.9953343803001826e-01
   5  9.9979253655185085e-01
   3  9.9991457016578267e-01
  11  9.9994550501063684e-01
  23  9.9996072484784027e-01
  10  9.9999953689091747e-01
   8  9.9999977045085198e-01
   4  9.9999990873756350e-01
   2  9.9999992075460720e-01
   1  9.9999992308037533e-01
   0  9.9999992323664677e-01
