0 0 0 0 0 0 0 0 2 0 0 0 0 0 1 0 0 0 0 0 0 0 2 0 1 0 2 0 0 2 0 2 0 0 0 0 0 2 0 0 0 2 0 0 2 0 1 0 0 0 2 0 2 0 2 0 2 0 2 0 2 0 2 0 2 0 2 0 2 0 2 0 2 0 1 0 1 0 0 2 0 0 1 0 2 0 2 0 0 2 0 2 0 1 0 0 0 2 0 0 2 0 2 0 2 0 2 0 2 0 1 0 2 0 2 0 2 0 2 0 0 2 0 2 0 1 0 0 2 0 2 0 2 0 0 2 0 2 0 2 0 2 0 0 2 0 1 0 0 2 0 2 0 2 0 0 0 2 0 2 0 2 0 2 0 2 0 2 0 2 0 2 0 2 0 0 2 0 1 0 1 0 0 2 0 2 0 0 0 0 0 2 0 1 0 0 2 0 2 0 2 0 2 0 0 2 0 2 0 2 0 0 1 0 2 0 2 0 0 2 0 2 0 2 0 2 0 2 0 2 0 2 0 0 1 0 0 2 0 2 0 2 0 0 2 0 0 2 0 2 0 0 2 0 2 0 0 1 0 2 0 2 0 0 2 0 1 0 1 0 2 0 1 0 1 0 1 0 1 0 2 0 2 0 2 0 0 0 1 0 1 0 1 0 2 0 1 0 2 0 2 0 0 0 1 0 0 2 0 0 1 0 0 0 2 0 0 0 0 0 0 2 0 2 0 2 0 2 0 1 0 2 0 2 0 0 2 0 2 0 2 0 2 0 1 0 0 2 0 0 1 0 1 0 2 0 1 0 0 2 0 2 0 0 0 0 2 0 1 0 0 2 0 0 1 0 1 0 0 0 1 0 0 2 0 2 0 0 2 0 2 0 1 0 0 0 1 0 2 0 1 0 1 0 2 0 2 0 2 0 1 0 2 0 0 0 2 0 1 0 2 0 0 0 0 0 0 0 0 0 0 0 2 0 0 0 1 0 2 0 2 0 1 0 2 0 0 2 0 0 0 0 0 0 1 0 2 0 0 2 0 0 1 0 2 0 0 0 1 0 2 0 2 0 0 0 1 0 2 0 1 0 2 0 0 0 0 0 1 0 2 0 0 0 0 0 1 0 2 0 0 0 0 0 0 0 0 0 0 0 0 
0 0 0 2 0 0 0 0 0 0 2 0 0 0 2 0 0 1 0 0 0 0 1 0 2 0 2 0 2 0 1 0 2 0 2 0 1 0 1 0 2 0 1 0 1 0 1 0 0 0 2 0 2 0 2 0 2 0 1 0 0 2 0 1 0 2 0 2 0 0 1 0 1 0 1 0 0 2 0 2 0 1 0 2 0 0 2 0 1 0 1 0 1 0 0 2 0 0 2 0 1 0 2 0 2 0 0 2 0 2 0 2 0 2 0 2 0 0 2 0 2 0 2 0 1 0 1 0 0 2 0 0 1 0 1 0 1 0 2 0 1 0 2 0 2 0 2 0 1 0 2 0 2 0 0 2 0 0 0 0 0 1 0 2 0 2 0 0 2 0 1 0 2 0 0 2 0 0 1 0 1 0 2 0 2 0 0 2 0 0 2 0 1 0 1 0 0 0 0 0 1 0 2 0 2 0 2 0 2 0 2 0 0 0 0 0 1 0 1 0 1 0 2 0 1 0 0 2 0 2 0 2 0 0 2 0 0 0 2 0 1 0 2 0 1 0 2 0 1 0 2 0 0 0 0 
0 0 2 0 0 0 2 0 1 0 2 0 2 0 2 0 0 2 0 2 0 2 0 0 2 0 2 0 1 0 2 0 0 1 0 2 0 2 0 2 0 1 0 2 0 2 0 0 0 2 0 2 0 2 0 2 0 2 0 2 0 1 0 0 1 0 1 0 1 0 1 0 2 0 2 0 2 0 1 0 1 0 2 0 2 0 2 0 0 2 0 0 1 0 0 2 0 2 0 0 2 0 2 0 0 2 0 0 1 0 1 0 0 2 0 2 0 2 0 0 1 0 2 0 1 0 2 
0 0 2 0 1 0 2 0 2 0 1 0 2 0 2 0 0 2 0 2 0 2 0 2 0 2 0 2 0 2 0 0 1 0 1 0 1 0 2 0 0 2 0 2 0 0 2 0 1 0 1 0 1 0 0 2 0 0 2 0 0 0 2 
2 0 2 0 2 0 1 0 1 0 1 0 0 2 0 0 2 0 2 0 1 0 0 2 0 2 0 2 0 1 0 
0 2 0 2 0 0 2 0 2 0 2 0 1 0 1 
0 1 0 2 0 2 0 
0 2 0 
1 
 991  3.3994048667494988e-37
 975  3.1352711377033532e-36
1007  7.9196139707123623e-35
1019  1.0200767546862959e-34
 863  1.1664150030908957e-32
 903  4.2940039531590868e-28
 990  5.2680704386654891e-28
 639  3.3773268496130918e-27
1023  4.5046231086429071e-27
 855  6.3439971802945098e-26
 915  8.7487864697889438e-26
 974  2.0447856541504013e-25
1011  3.7387043768907029e-25
 951  3.1467025740715596e-24
 959  1.9550449414392561e-23
1018  5.8559334582519569e-22
 831  6.8443432518821725e-22
 879  1.9252726830553151e-21
1006  2.6860194663868535e-21
1017  2.8278462267221987e-21
 791  4.8689684009583017e-21
 931  8.2743210229597896e-21
 983  3.0058664331761340e-20
 862  5.1860882324123776e-20
1021  6.2595783417618285e-20
 859  1.2500156861959622e-19
1015  1.9262832848377723e-19
1005  3.9685603260103829e-19
1022  5.0070088825957066e-19
 999  5.5816281717936939e-19
 907  9.7932890691316726e-19
 851  2.1557140125445718e-18
 989  2.3222688619629988e-18
 635  4.6388691683698075e-18
 839  6.1533845545246643e-18
 861  6.6515155115734698e-18
 973  7.5927288331368173e-18
 799  9.1516534192124427e-18
 947  1.1042176786906261e-17
 967  1.6114366542924994e-17
 914  1.9018127484862989e-17
 638  2.4400791446053088e-17
 607  2.6708643388345724e-17
 631  7.1502198720124336e-17
 637  7.6507231756387148e-17
1020  1.1578175347356244e-16
1016  1.3271017933169085e-16
 735  1.9978726036290827e-16
1014  2.1962309907280998e-16
1013  2.2676438153722865e-16
1003  2.6888932685384230e-16
 913  4.0455400026624377e-16
 998  6.6808978634190497e-16
1010  9.0245775047044872e-16
1009  9.6405873287501813e-16
1004  1.0464123657240652e-15
1001  1.8910441173750560e-15
 995  1.9155237452081651e-15
 987  2.1733652870314522e-15
 982  2.3990514769823037e-15
 854  3.9546558284261935e-15
 853  4.0215773324941714e-15
 935  4.1617778789700608e-15
 847  4.8278952554802675e-15
 958  4.8649705610412606e-15
 787  4.9118310320444236e-15
 985  5.6693881266170047e-15
 988  6.0216790494837022e-15
 971  6.3496817105367504e-15
 979  8.1010218683142710e-15
 966  8.8873860791191462e-15
 912  9.8788191634845414e-15
 955  1.0677067454253059e-14
1012  1.4774379915044575e-14
 972  1.7865071915195630e-14
 860  2.0515154772685977e-14
 969  2.2530880624327734e-14
1002  2.4438212925807377e-14
 923  2.4976090501900020e-14
 902  2.7045754527981338e-14
 963  2.8248711741767450e-14
 901  3.1761358420844839e-14
 575  3.7908584075305920e-14
 997  4.7455932521396285e-14
 899  5.4176265353071712e-14
 950  5.7250413015553286e-14
 949  8.5985513751703841e-14
 871  1.2386678855551376e-13
 986  1.5416422818333692e-13
 878  2.4397959293332000e-13
 906  2.9561521640844548e-13
 981  2.9932907510223533e-13
 943  3.4080957615307604e-13
 970  4.4380104609224282e-13
 625  4.4384590727262115e-13
 930  4.9199200911776688e-13
 957  6.0104201381509720e-13
 877  8.0012095172391485e-13
 921  8.1443324691841896e-13
 633  8.3487308422705717e-13
 965  8.5125008659918919e-13
 775  8.6143022761889595e-13
 830  9.1653252082761898e-13
 790  9.4533388239487026e-13
 896  1.1318642490266158e-12
 875  1.2497519145524666e-12
 634  1.3242416127519677e-12
 789  1.3393624206970602e-12
 627  1.4708111598468977e-12
 829  2.0587365005205545e-12
 619  2.9365545494487280e-12
 920  4.4021590076454298e-12
 929  5.5995100740157894e-12
 606  5.6589422325292522e-12
 845  6.3719150288263543e-12
 605  6.3889346963392805e-12
 815  1.0686972086773486e-11
 823  1.8675579124891640e-11
 858  2.2767894274609005e-11
 857  2.2772568611092565e-11
 759  2.3371473375704141e-11
 616  3.3984080098048773e-11
 711  3.4506362964096548e-11
 850  3.9747710722289776e-11
 573  4.7000287669990747e-11
 727  5.5620659679748545e-11
 622  5.5758892009055783e-11
 591  5.5898457222145871e-11
 905  7.1213459975823009e-11
 827  8.2703958190613607e-11
 795  8.6300592604172817e-11
 783  1.2910220480845930e-10
 636  1.9521689965228020e-10
 928  2.0093141072126541e-10
 511  2.0755468777569456e-10
 773  2.2463451570489683e-10
 624  2.6005722075755739e-10
 734  2.7232716273806713e-10
 733  2.7643038993730067e-10
 599  3.4210057185448025e-10
 798  3.8092565377267622e-10
 559  4.1206515837278969e-10
 574  4.2936371049409074e-10
 849  4.4536335159454829e-10
 630  4.7894082231833883e-10
 629  4.7899132646139439e-10
 731  5.8708757356379664e-10
 391  7.1059705215433410e-10
 846  7.2570212717518303e-10
 946  8.5905730227675249e-10
 945  8.5905798514636170e-10
 843  8.6298337959666975e-10
 852  1.0514502119438590e-09
 772  1.1729109988443147e-09
 603  1.2201728514977935e-09
1008  1.5461193939297903e-09
1000  1.5565215538945183e-09
 996  1.5650841362717030e-09
 994  1.5821329866252177e-09
 993  1.6163013182836132e-09
 725  1.6960344851214837e-09
 567  1.7021373109229289e-09
 687  2.1897880707619364e-09
 838  2.2520416982288948e-09
 837  2.3810536742631952e-09
 984  2.9239228943721361e-09
 980  2.9329321067314080e-09
 978  2.9507989070226991e-09
 977  2.9866686324698516e-09
 934  3.4766764647714197e-09
 835  4.5146829538358351e-09
 956  5.8464641605001519e-09
 954  5.8656818775810824e-09
 953  5.9043933813754569e-09
 968  7.0375340865483585e-09
 964  7.0778082683556976e-09
 571  7.1418982135348116e-09
 962  7.1576503452753905e-09
 922  7.2092470969337949e-09
 961  7.3179368493149244e-09
 329  7.5187633224322449e-09
 543  1.0976091664946345e-08
 942  1.1771878895404576e-08
 797  1.2739644137821774e-08
 941  1.2842173352585424e-08
 948  1.3055358014956608e-08
 786  1.3395930497555955e-08
 785  1.3396220236477132e-08
 848  1.5661652314075572e-08
 933  2.8286697344961738e-08
 724  3.3230138724892991e-08
 939  3.8918307025042073e-08
 856  4.4706245927216652e-08
 774  4.5704957197842525e-08
 796  4.8929541149454898e-08
 632  5.0864299193954449e-08
 876  5.2009918016736723e-08
 626  5.2144461099295355e-08
 874  5.2608580739096475e-08
 873  5.3812448525507138e-08
 917  5.5834261942550731e-08
 927  5.7557848048739609e-08
 944  7.5211625486678584e-08
 919  8.5786339216911609e-08
 623  9.0651319952117352e-08
 618  1.0044352185636824e-07
 617  1.0269088580459551e-07
 870  1.0471244740269587e-07
 869  1.0531751904218886e-07
 828  1.0703273212072918e-07
 826  1.0855132295597277e-07
 911  1.1669642023693484e-07
 788  1.2053512543254562e-07
 894  1.3965481877478301e-07
 893  1.4171247424815155e-07
 825  1.5508691155680368e-07
 904  1.6557197815892762e-07
 900  1.9444249021354092e-07
 898  1.9444345448659287e-07
 897  1.9444532662310879e-07
 613  1.9915588506496303e-07
 867  2.0956452965024646e-07
 822  2.1192171230908108e-07
 604  2.1914243379780315e-07
 602  2.2247813594779236e-07
 887  2.2674136178405434e-07
 768  2.6260712338147668e-07
 821  2.6270341380983680e-07
 891  3.3871805956226572e-07
 510  3.9054372777558495e-07
 509  4.0069761555684948e-07
 487  4.1760659243328474e-07
 598  4.2181203828637117e-07
 814  4.8100569981090366e-07
 390  4.8101086049622783e-07
 844  5.1137478280486022e-07
 720  5.1172564954975888e-07
 842  5.1200962855435915e-07
 813  5.8447039358839285e-07
 389  5.8604745308315223e-07
 628  6.3344876860374150e-07
 758  7.7756875763656669e-07
 507  7.8403808454660996e-07
 503  8.3095696980880448e-07
 601  8.3581029382050459e-07
 572  8.3808485851953972e-07
 570  8.4982303072261768e-07
 388  9.0060064826460846e-07
 784  9.2581810305471697e-07
 590  9.6823645718368619e-07
 597  1.0875275395616599e-06
 782  1.1276946546748781e-06
 781  1.1584635556320588e-06
 757  1.3917814303968317e-06
 566  1.6378390038213112e-06
 819  1.7279486328084123e-06
 308  1.8458663029543843e-06
 589  2.1167176456992616e-06
 807  2.1447035923851873e-06
 794  2.2905936630999746e-06
 793  2.2949738973529206e-06
 686  2.3049727969188846e-06
 375  2.3258489079170028e-06
 755  2.3419943642282382e-06
 779  2.4915070452459913e-06
 710  2.5938584464807286e-06
 709  2.6128367207815315e-06
 569  2.6537156440235557e-06
 620  2.7725419328360293e-06
 747  2.8391663684519118e-06
 614  2.8560046134722844e-06
 328  3.0909022755400981e-06
 811  3.1049615780895179e-06
 611  3.1390109736759249e-06
 373  3.4130068174207084e-06
 726  3.6029616161592817e-06
 565  3.7010404472144227e-06
 558  3.8946854371615137e-06
 765  4.0584572044382180e-06
 707  4.2181413734025028e-06
 732  4.3264047224787758e-06
 730  4.3804028783510656e-06
 729  4.4449315047724309e-06
 501  4.7855339735151371e-06
 895  5.0298896871619987e-06
 325  5.1314743895420690e-06
 359  5.2921886311811675e-06
 595  5.8265672236026009e-06
 706  6.7901794769010308e-06
 557  7.0041377389016910e-06
 583  7.1394873483288151e-06
 769  7.5765368504557959e-06
 685  8.0240666610599590e-06
 771  8.0258861062183692e-06
 721  8.1425250963585397e-06
 754  8.2772847642188705e-06
 699  1.0278598149203630e-05
 587  1.0503537625450675e-05
 324  1.1833484138592106e-05
 717  1.2600591833321471e-05
 723  1.2696104585814611e-05
 563  1.3536612570230210e-05
 542  1.4362402088418427e-05
 992  1.6508818605558992e-05
 976  1.6804253624686134e-05
 952  1.7336842198309327e-05
 940  1.8475024678924199e-05
 938  2.0686864056906629e-05
 551  2.0825981827227225e-05
 541  2.2776862853221294e-05
 313  2.3257757205167665e-05
 295  2.4481957758433361e-05
 555  2.5712052746627609e-05
 467  2.7389034021905767e-05
 372  2.7864707844163901e-05
 683  3.0161974189002130e-05
 679  3.0689699706740712e-05
 836  3.2110436188331151e-05
 834  3.2171896514522539e-05
 833  3.2291006968821482e-05
 841  3.2546090361682007e-05
 960  3.5627040140403984e-05
 932  3.7649235131640569e-05
 500  3.8622998251541071e-05
 926  4.4084446659407160e-05
 925  4.9319364539444258e-05
 937  6.1001268338593568e-05
 535  6.3442705678848208e-05
 539  6.4738144526942418e-05
 918  6.5849519354926048e-05
 916  6.7556159545770775e-05
 840  7.2797505930183586e-05
 910  7.3247668830834980e-05
 909  8.0501141777084302e-05
 770  9.5785012806833507e-05
 872  9.7546049893797512e-05
 868  1.0064409669757746e-04
 866  1.0670809514112993e-04
 621  1.1796176609206807e-04
 865  1.1863524033773588e-04
 615  1.2022272142070768e-04
 612  1.2522105943905897e-04
 610  1.3492997694717720e-04
 892  1.3520387706192363e-04
 890  1.4093209736366883e-04
 485  1.4716947123987885e-04
 527  1.4815685115910691e-04
 889  1.5361373463710032e-04
 824  1.5455293413990382e-04
 820  1.5948421939670265e-04
 792  1.5985191244087578e-04
 818  1.6900603306209627e-04
 767  1.7504200109487602e-04
 886  1.9339343241959209e-04
 671  1.9728211758875084e-04
 368  2.0516522358618398e-04
 885  2.1566380768329492e-04
 752  2.2249798453330877e-04
 600  2.2814779995604167e-04
 486  2.2987586394194643e-04
 496  2.3324724003243095e-04
 596  2.3613705295195587e-04
 812  2.4419755971167786e-04
 817  2.4560095024467505e-04
 594  2.5140227174329569e-04
 810  2.6020749389807742e-04
 387  2.6142125234537817e-04
 508  2.6638871640716216e-04
 386  2.7413848582451576e-04
 766  2.7718945838015215e-04
 506  2.7871273059011404e-04
 505  2.9743323121564808e-04
 763  3.0296760364242312e-04
 385  3.1148326766360985e-04
 609  3.2520996804379890e-04
 484  3.2793133967088712e-04
 657  3.3163271372097902e-04
 588  3.4603400391982784e-04
 728  3.5072347266243669e-04
 708  3.5448894261151561e-04
 780  3.6078571036091486e-04
 586  3.7410837260078649e-04
 756  3.7872037944639377e-04
 809  3.7899829069469333e-04
 883  3.8690119347438873e-04
 778  3.9511738542277969e-04
 806  3.9926075673683110e-04
 358  4.0888482547414524e-04
 374  4.1879822291676074e-04
 568  4.2083457890698960e-04
 564  4.4624684781094479e-04
 753  4.6548978640527003e-04
 502  4.7198697357525728e-04
 562  4.9370782582013756e-04
 593  5.0880329763958892e-04
 777  5.2523270091276027e-04
 705  5.2986069185717935e-04
 684  5.3629155078602502e-04
 582  5.6074124208244146e-04
 306  5.6185930016331462e-04
 805  5.9062144112929980e-04
 682  5.9288330159583391e-04
 704  5.9547235313203652e-04
 744  6.0442252878988045e-04
 746  6.1855260659018116e-04
 722  6.4093013981058840e-04
 764  6.4802828062957148e-04
 304  6.8365470536399661e-04
 369  7.0244969885781695e-04
 751  7.0902884797731088e-04
 556  7.1522867134440069e-04
 762  7.3073663676847438e-04
 585  7.5071181768774980e-04
 745  7.8571142843843851e-04
 554  8.0957029981133040e-04
 832  8.2623333762103172e-04
 305  8.6072401643741924e-04
 497  8.8110205393786517e-04
 718  9.3489765110096055e-04
 803  9.3670829043538805e-04
 678  9.4192872368093080e-04
 371  9.9554482561281564e-04
 561  1.0031249121700459e-03
 294  1.0143234303760908e-03
 703  1.0481800136106269e-03
 715  1.1063489152009342e-03
 323  1.1310097844579787e-03
 719  1.1497857124317967e-03
 581  1.1510798984878503e-03
 750  1.1568425409671404e-03
 365  1.1694670301312176e-03
 301  1.1849236149417265e-03
 499  1.2197277088359722e-03
 322  1.2405661383317614e-03
 741  1.2465004386565937e-03
 550  1.2767332890501395e-03
 357  1.2847051784908184e-03
 716  1.3469345239971169e-03
 321  1.4704862863519472e-03
 493  1.4828669303406056e-03
 540  1.4958259243149159e-03
 698  1.5284988098844374e-03
 696  1.6279114147791003e-03
 553  1.6373205690607660e-03
 714  1.6759254963987470e-03
 681  1.7150773934535932e-03
 538  1.7965170207743656e-03
 312  1.8468692350255688e-03
 579  1.9285800178122767e-03
 471  1.9751954304619980e-03
 697  2.0497630678242601e-03
 457  2.4343089460617394e-03
 191  2.4513745721852281e-03
 355  2.4816411975156450e-03
 702  2.6517179878561186e-03
 549  2.6646758366943532e-03
 309  2.7444599632445482e-03
 677  2.7932282446002862e-03
 534  2.9356393530803157e-03
 466  3.1835285593900518e-03
 465  3.2368713549997619e-03
 693  3.3504016906021512e-03
 537  3.6008948855827962e-03
 293  3.6234566898740682e-03
 547  4.4469615530172537e-03
 675  4.8125316100658972e-03
 936  5.7934568705439457e-03
 924  6.2665168299548893e-03
 533  6.3383246493498111e-03
 258  6.4083598287386981e-03
 291  6.5695901634733080e-03
 480  6.7578557208413824e-03
 908  7.1775296504745937e-03
 761  7.3421504729210196e-03
 483  7.4917807298633546e-03
 184  8.3577319121192813e-03
 888  8.6605005636105261e-03
 864  9.3118051672103682e-03
 504  9.7798028189655366e-03
 460  1.0001126079692963e-02
 531  1.0681315030046478e-02
 884  1.0948244356932613e-02
 526  1.1222319241026808e-02
 816  1.1351911209876877e-02
 384  1.1559060474742290e-02
 608  1.1589367077487419e-02
 524  1.2069603710828776e-02
 481  1.2113621163648263e-02
 344  1.2165217201161576e-02
 351  1.2198748452559843e-02
 808  1.3600133281448693e-02
 592  1.3735856160731244e-02
 668  1.4154619470314385e-02
 656  1.4839460936227629e-02
 370  1.5168989922609413e-02
 670  1.5272566912772850e-02
 882  1.5280964277866091e-02
 356  1.6419803797261351e-02
 300  1.6811556119613737e-02
 584  1.7038196158165490e-02
 804  1.7460218510278305e-02
 498  1.7781597964765989e-02
 525  1.8929096398619508e-02
 482  1.9061285692812045e-02
 776  1.9545843685439348e-02
 749  2.1798504393803930e-02
 287  2.1833276832531463e-02
 276  2.2061644793142203e-02
 560  2.2445740996359383e-02
 680  2.2467175209918370e-02
 580  2.2589950994183206e-02
 881  2.2882311573199341e-02
 653  2.3667364464372818e-02
 366  2.3741043041773102e-02
 802  2.3954237350788603e-02
 354  2.4027746477123902e-02
 701  2.4216163658855476e-02
 669  2.4901998480438201e-02
 367  2.6535155162863037e-02
 340  2.7434019302590328e-02
 494  2.7856545367837455e-02
 303  2.9084730417671137e-02
 760  2.9140822939691308e-02
 743  2.9463502650522673e-02
 552  2.9800155404285024e-02
 320  3.0082284404646241e-02
 495  3.1245367398034476e-02
 578  3.1776423287692750e-02
 676  3.1834578167056572e-02
 292  3.3642986239715442e-02
 713  3.3660765627172233e-02
 652  3.4539166623894745e-02
 456  3.4701561721288479e-02
 363  3.5195437557983253e-02
 364  3.6790726711970492e-02
 740  3.8220056580580544e-02
 748  3.8588810550603120e-02
 521  4.0040247505699011e-02
 280  4.1422960195636217e-02
 491  4.1507903157775153e-02
 548  4.1586140162688426e-02
 464  4.3082476196516645e-02
 492  4.3647173388013029e-02
 801  4.4199885868386829e-02
 712  4.4411527748322868e-02
 452  4.4597721229071768e-02
 674  4.6213649004842719e-02
 665  4.9866354172060937e-02
 290  5.0642685123581756e-02
 536  5.1830739426185143e-02
 423  5.3017259738301376e-02
 742  5.4168958689609671e-02
 307  5.4266978045252795e-02
 362  5.4410872388280844e-02
 470  5.5315091104456211e-02
 695  5.5660186006602601e-02
 190  5.6423439252450018e-02
 738  5.7139620170709407e-02
 546  6.0008367578601743e-02
 577  6.1312959657510484e-02
 297  6.1876299163649409e-02
 490  6.4398609194681877e-02
 353  6.5643315338827751e-02
 700  6.8822733126313804e-02
 649  7.0435817492618888e-02
 692  7.4760077204234734e-02
 532  7.5847554581275983e-02
 739  7.8197267493432490e-02
 469  8.0189493050327729e-02
 302  8.1192355322205742e-02
 189  8.3378372546176902e-02
 435  9.2142800679869921e-02
 181  9.5526316021734753e-02
 694  9.9547098504659606e-02
 453  1.0343976531578807e-01
 673  1.0512413382924392e-01
 545  1.0892617233440136e-01
 256  1.1034637237913231e-01
 530  1.1037414142679004e-01
 690  1.1136300272155451e-01
 188  1.2506175962639024e-01
 289  1.2722158568934286e-01
 478  1.2732398766920153e-01
 252  1.2888406284117118e-01
 182  1.3198408951874629e-01
 349  1.4029684872398970e-01
 299  1.4046242588708882e-01
 477  1.4090009249980334e-01
 691  1.4389648019682458e-01
 458  1.4676002380210831e-01
 253  1.5783067840797621e-01
 479  1.6318447943719103e-01
 342  1.6444665814727333e-01
 463  1.6638107758325049e-01
 520  1.6665693672090620e-01
 350  1.7215266159565612e-01
 449  1.7367466206459409e-01
 285  1.7413527782498153e-01
 522  1.7445559063339633e-01
 529  1.8722527789969420e-01
 666  1.9021417636256416e-01
 664  1.9459681315235414e-01
 337  1.9590744807445587e-01
 180  2.0202345730343460e-01
 523  2.0464183536392166e-01
 341  2.2798824458352307e-01
 273  2.2944220075383942e-01
 476  2.2975299282150158e-01
 651  2.3306799750084828e-01
 274  2.3308066528836213e-01
 286  2.3529590114448254e-01
 880  2.3582972551341208e-01
 667  2.3965828003075271e-01
 455  2.4110540753392121e-01
 348  2.6397914598371625e-01
 338  2.6435831848624997e-01
 648  2.6525597751067970e-01
 352  2.7222632211526254e-01
 800  2.7414058465474200e-01
 361  2.9410367287556849e-01
 249  2.9459270307892987e-01
 650  3.1189500501794559e-01
 278  3.1993546474748646e-01
 576  3.2107496887682935e-01
 489  3.2202684101335011e-01
 284  3.3367400385670343e-01
 450  3.4623978474477624e-01
 422  3.6067642076543299e-01
 672  3.7871943530320634e-01
 360  3.8285288249819988e-01
 296  3.8608184474225044e-01
 736  3.9704811030516945e-01
 288  3.9948428695875432e-01
 421  4.0568818116629934e-01
 277  4.1282817059447680e-01
 488  4.1442354098099882e-01
 519  4.1866584098225385e-01
 166  4.1979726082311458e-01
 516  4.2759409465441295e-01
 468  4.3644890133149755e-01
 737  4.3654680134520940e-01
 544  4.3862108427709995e-01
 448  4.4162191560949715e-01
 267  4.4350711293437756e-01
 660  4.4523022026791870e-01
 167  4.4723907911848643e-01
 517  4.5238985998098091e-01
 663  4.5389629093183625e-01
 441  4.5747682186891797e-01
 434  4.6144301303696028e-01
 187  4.6457002719173685e-01
 239  4.8051658365588579e-01
 332  4.9674609098112904e-01
 661  5.0091484440026524e-01
 451  5.0441546634575485e-01
 336  5.1095329145787616e-01
 179  5.1966552541437816e-01
 298  5.2243806469723386e-01
 688  5.3280098496296868e-01
 175  5.3440967705820297e-01
 645  5.4193819288401590e-01
 420  5.4287866165785503e-01
 266  5.5567709134700094e-01
 250  5.6636257799126144e-01
 186  5.6802161884051494e-01
 433  5.6897724104674452e-01
 528  5.7666317384401333e-01
 647  5.7815398643750304e-01
 462  5.7973093576159762e-01
 689  5.8179974196057338e-01
 475  5.9352302049254679e-01
 272  6.0238778855480757e-01
 347  6.0517510333342617e-01
 251  6.0797366349826365e-01
 248  6.2006832989140059e-01
 151  6.2011593788233099e-01
 127  6.3490300926958687e-01
 444  6.3616511919302143e-01
 319  6.4357082148016209e-01
 644  6.4426192413823391e-01
 223  6.4436731772340161e-01
 461  6.5536088332655607e-01
 177  6.5845552180604505e-01
 185  6.6491532250685892e-01
 283  6.7111284831006224e-01
 454  6.7247492843134715e-01
 427  6.8750778293216741e-01
 339  6.9666442900928538e-01
 178  7.0711378936050040e-01
 335  7.0744411034032917e-01
 407  7.0787184326220676e-01
 447  7.0949468525077763e-01
 474  7.2278039105383585e-01
 345  7.3169819297879335e-01
 518  7.3690127198900368e-01
 126  7.4720081375408420e-01
 473  7.5111337061771066e-01
 662  7.6225328632198353e-01
 346  7.6830978348102230e-01
 281  7.7195852702987156e-01
 445  7.7783980194152702e-01
 271  7.8027313277137100e-01
 406  8.0188235581347489e-01
 244  8.2639954895202461e-01
 282  8.3195142958076407e-01
 174  8.5056648512501543e-01
 238  8.5285963570413947e-01
 275  8.5545551404703923e-01
 245  8.5840112073633712e-01
 646  8.5945213452811164e-01
 247  8.5977131097965853e-01
 440  8.6392315376139839e-01
 164  8.6568278098301010e-01
 514  8.6686664117216561e-01
 419  8.6876732804693602e-01
  64  8.6977138658881892e-01
 658  8.7558393439809068e-01
 333  8.7686789484564931e-01
 515  8.8469335908745628e-01
 165  8.8857911534340406e-01
 265  8.8996505825845007e-01
 330  8.9866585817979883e-01
 659  9.0807079554125003e-01
 446  9.1157481225727233e-01
 513  9.1354648008564554e-01
 161  9.1637563503842900e-01
 655  9.2047501038720403e-01
 437  9.2348428925441051e-01
 416  9.2365491994824855e-01
 237  9.2486194351131878e-01
 432  9.2569796348834088e-01
 418  9.2619222836139281e-01
 334  9.2638653733041099e-01
 643  9.2982897138743603e-01
 264  9.3102284070062657e-01
 150  9.3260546197689020e-01
 222  9.3263309162869323e-01
 263  9.3335732982706987e-01
 163  9.3342052810777831e-01
 327  9.3787305441707158e-01
 417  9.3934322475097243e-01
 173  9.4038759176982734e-01
 318  9.5210896880134444e-01
 442  9.5242669578506534e-01
 269  9.5311948827222581e-01
 157  9.5328542778308600e-01
 235  9.5563408768748159e-01
 642  9.5658112961151853e-01
 459  9.5700074609372909e-01
 176  9.5808741612396242e-01
 262  9.6045283929078662e-01
 183  9.6082056725543941e-01
 125  9.6320178596779538e-01
 270  9.6426348278101848e-01
 426  9.6503992643448799e-01
 171  9.6554695933159607e-01
 149  9.6651925934666871e-01
 221  9.7051075896910544e-01
 246  9.7121779421599364e-01
 317  9.7149923072795352e-01
 160  9.7201810678190537e-01
 641  9.7447280399031877e-01
 343  9.7492108062515892e-01
 231  9.7572600923278840e-01
 431  9.7724105835577213e-01
 405  9.7735008820851343e-01
 259  9.7815568092851590e-01
 472  9.7848897023966219e-01
 124  9.7941306865907773e-01
 123  9.7980190523849409e-01
 425  9.7988067333962670e-01
 147  9.8137682971497542e-01
 279  9.8243767438837648e-01
 219  9.8368945958333609e-01
 316  9.8418063884534512e-01
 443  9.8494281814098328e-01
 404  9.8750085200099158e-01
 403  9.8787497029201987e-01
 122  9.8922698762287575e-01
 119  9.8966186150676116e-01
 242  9.8998895777035778e-01
 439  9.9056730673145299e-01
 135  9.9110099516990602e-01
 215  9.9156248863804808e-01
 402  9.9358430008059984e-01
 399  9.9388710921202805e-01
  62  9.9417088215722460e-01
 241  9.9459233255679291e-01
 243  9.9463254120882905e-01
 118  9.9481273946829474e-01
 172  9.9481419760700929e-01
 111  9.9507207425009081e-01
 331  9.9527182014270343e-01
 236  9.9573320671360144e-01
 207  9.9580914284104372e-01
 413  9.9639855070807759e-01
 398  9.9687590025716410e-01
  61  9.9698169450830854e-01
 512  9.9752286458870443e-01
 110  9.9765058172108312e-01
  95  9.9772516152212110e-01
 170  9.9781534960313434e-01
 654  9.9788438285891568e-01
 436  9.9806597385440898e-01
 414  9.9813285128022045e-01
 234  9.9835535457990743e-01
 383  9.9835854010031944e-01
 162  9.9852022307127419e-01
  60  9.9855935747628233e-01
 326  9.9872147543453693e-01
 143  9.9884941276805073e-01
  94  9.9891650732445969e-01
 261  9.9906620609929520e-01
 220  9.9916836028534595e-01
 415  9.9918347607973268e-01
 156  9.9926341401320173e-01
 268  9.9927456916304125e-01
 148  9.9929051004027936e-01
  55  9.9937327343802951e-01
 230  9.9941922902311375e-01
 159  9.9949570583740488e-01
 412  9.9951356329135144e-01
 260  9.9951994045853076e-01
 430  9.9962362551070261e-01
 154  9.9965477659722002e-01
 233  9.9968075742140505e-01
 218  9.9971124254416988e-01
  47  9.9972359399548782e-01
 640  9.9977930679291505e-01
 146  9.9978100029817685e-01
 158  9.9979166806561415e-01
 438  9.9979920180332560e-01
 169  9.9980411928759572e-01
 315  9.9985352672044603e-01
 257  9.9985376886852961e-01
 424  9.9986199552632293e-01
  31  9.9986846771591020e-01
 214  9.9990093980222905e-01
 229  9.9991271177659868e-01
 429  9.9991850775696944e-01
 314  9.9992536895669015e-01
 255  9.9993073775784946e-01
 121  9.9993722740013191e-01
 155  9.9994305009565920e-01
 145  9.9995156879226688e-01
 311  9.9995977926534962e-01
 217  9.9996201640953331e-01
 206  9.9996230009678810e-01
 227  9.9996245374342574e-01
 120  9.9996803342359186e-01
 134  9.9997108221535846e-01
 401  9.9997650683089645e-01
 142  9.9998046847841593e-01
 117  9.9998572192178337e-01
 240  9.9998632654032904e-01
 400  9.9998653325946174e-01
 133  9.9998820578189584e-01
 213  9.9998884524714260e-01
 116  9.9999122243741756e-01
 397  9.9999242131527610e-01
 115  9.9999311487575993e-01
 131  9.9999347681860062e-01
 211  9.9999370360027195e-01
 396  9.9999425779602358e-01
 114  9.9999433341430000e-01
 205  9.9999466973340012e-01
 109  9.9999468158486238e-01
 395  9.9999481048706518e-01
 409  9.9999501121470735e-01
 168  9.9999513768324599e-01
 382  9.9999518016130118e-01
 394  9.9999537512516534e-01
 108  9.9999540195192538e-01
 411  9.9999550222947609e-01
 232  9.9999562123628261e-01
 203  9.9999565762487086e-01
  59  9.9999570681755701e-01
 107  9.9999573971682476e-01
 106  9.9999584853887680e-01
  93  9.9999586689017639e-01
 199  9.9999587904127785e-01
  58  9.9999590058970400e-01
 381  9.9999591258483478e-01
 103  9.9999591691844636e-01
  54  9.9999597623682568e-01
  92  9.9999598839680670e-01
 102  9.9999599742029432e-01
 379  9.9999600684363643e-01
  57  9.9999602009609534e-01
 141  9.9999603058210940e-01
 228  9.9999603231430589e-01
  91  9.9999603783361513e-01
  90  9.9999605307645101e-01
 410  9.9999605655695389e-01
 428  9.9999606291417331e-01
  87  9.9999606321244572e-01
  46  9.9999606563976662e-01
 226  9.9999606805255781e-01
 139  9.9999607166400484e-01
 216  9.9999607476091446e-01
  79  9.9999607497555254e-01
  84  9.9999607581492200e-01
 152  9.9999607691085768e-01
  53  9.9999607988917594e-01
  30  9.9999608153878661e-01
  76  9.9999608247406246e-01
 144  9.9999608268441353e-01
  51  9.9999608518178296e-01
 254  9.9999608559325803e-01
 212  9.9999608588352407e-01
  45  9.9999608607857493e-01
 310  9.9999608665815631e-01
 210  9.9999608669430540e-01
  39  9.9999608685316288e-01
  43  9.9999608685472041e-01
  29  9.9999608691958208e-01
 204  9.9999608696813613e-01
 153  9.9999608703947240e-01
  27  9.9999608703949816e-01
 202  9.9999608705446064e-01
  23  9.9999608706613796e-01
 104  9.9999608707868382e-01
 105  9.9999608707906229e-01
  65  9.9999608708083176e-01
  67  9.9999608708083176e-01
  66  9.9999608708083187e-01
  73  9.9999608708091658e-01
  70  9.9999608708091858e-01
  71  9.9999608708091858e-01
  68  9.9999608708091925e-01
  69  9.9999608708091925e-01
  72  9.9999608708091925e-01
  74  9.9999608708092569e-01
  75  9.9999608708092602e-01
  97  9.9999608708668708e-01
  96  9.9999608708668730e-01
 100  9.9999608708693399e-01
  98  9.9999608708721310e-01
  99  9.9999608708721388e-01
 101  9.9999608708723731e-01
 140  9.9999608708765619e-01
  18  9.9999608709020327e-01
 225  9.9999608709115673e-01
  81  9.9999608709120913e-01
  80  9.9999608709120946e-01
  82  9.9999608709120980e-01
  83  9.9999608709121002e-01
 380  9.9999608709222321e-01
 377  9.9999608709341503e-01
 378  9.9999608709341814e-01
 376  9.9999608709342047e-01
 132  9.9999608709365173e-01
 208  9.9999608709703047e-01
 209  9.9999608709717569e-01
 196  9.9999608709843080e-01
 201  9.9999608709921850e-01
 200  9.9999608709921861e-01
 138  9.9999608710012122e-01
  63  9.9999608710057064e-01
 192  9.9999608710113441e-01
 193  9.9999608710113508e-01
 194  9.9999608710113852e-01
 195  9.9999608710113919e-01
  77  9.9999608710280852e-01
  78  9.9999608710280896e-01
  88  9.9999608710337906e-01
  89  9.9999608710341870e-01
 136  9.9999608710575993e-01
 137  9.9999608710575993e-01
  85  9.9999608710579391e-01
  86  9.9999608710582011e-01
 224  9.9999608710674426e-01
 198  9.9999608710982613e-01
 197  9.9999608710984511e-01
 392  9.9999608711012744e-01
 408  9.9999608711086618e-01
 393  9.9999608711090004e-01
 130  9.9999608711104615e-01
 112  9.9999608711113430e-01
 113  9.9999608711148402e-01
  28  9.9999608711359422e-01
  52  9.9999608711378563e-01
  34  9.9999608711391108e-01
  35  9.9999608711391108e-01
  32  9.9999608711391175e-01
  33  9.9999608711391175e-01
 128  9.9999608711400179e-01
 129  9.9999608711400489e-01
  44  9.9999608711408261e-01
  40  9.9999608711409771e-01
  41  9.9999608711409782e-01
  42  9.9999608711414112e-01
  19  9.9999608711419641e-01
  38  9.9999608711422616e-01
  37  9.9999608711423271e-01
  36  9.9999608711423316e-01
  25  9.9999608711428378e-01
  24  9.9999608711428412e-01
  20  9.9999608711431565e-01
  21  9.9999608711431565e-01
  22  9.9999608711431609e-01
  26  9.9999608711434873e-01
   4  9.9999608711441368e-01
   5  9.9999608711441390e-01
   6  9.9999608711441390e-01
   7  9.9999608711441390e-01
   2  9.9999608711441568e-01
   3  9.9999608711441568e-01
   0  9.9999608711441579e-01
   1  9.9999608711441579e-01
  49  9.9999608711443844e-01
  50  9.9999608711444044e-01
  48  9.9999608711444132e-01
  56  9.9999608711447940e-01
  12  9.9999608711473498e-01
  13  9.9999608711473498e-01
  15  9.9999608711473498e-01
  16  9.9999608711473509e-01
  14  9.9999608711473520e-01
  17  9.9999608711473520e-01
   9  9.9999608711474053e-01
   8  9.9999608711474064e-01
  11  9.9999608711474086e-01
  10  9.9999608711474097e-01
