0 1 0 0 1 0 1 0 1 0 1 0 0 1 0 0 1 0 1 0 1 0 1 0 0 1 0 0 1 0 0 
0 0 1 0 1 0 0 0 1 0 1 0 0 1 0 
0 1 0 0 1 0 0 
0 1 0 
0 
  63  3.1340856113278420e-13
  62  2.5094180462972506e-08
  61  2.5402944419962629e-08
  47  3.5475169056306624e-08
  59  4.6545045889757774e-08
  58  1.0685200273154546e-07
  46  8.5382585664083492e-07
  57  3.7653917936614395e-05
  60  4.3624078887274549e-05
  55  4.8754020892866872e-05
  56  7.5466168013385457e-05
  53  8.3118923753144045e-05
  52  1.2128534245819508e-04
  45  1.3620697577877358e-04
  43  1.7212621730975847e-04
  39  2.4765301592560781e-04
  44  2.6051519232018404e-04
  42  2.8300154673804054e-04
  31  3.8471289835857069e-04
  38  4.2627700981676787e-04
  23  1.5507373317628292e-03
  22  2.9735724102457495e-03
  54  4.3110827443355931e-03
  51  5.1020231964599714e-03
  50  6.4304078325562279e-03
  41  7.2287807013712005e-03
  49  8.6747531861362786e-03
  37  1.0620398808037503e-02
  40  1.2367909003851913e-02
  35  1.6044343181941922e-02
  36  1.7673038034214709e-02
  30  2.0231305777245859e-02
  34  2.6054215555939109e-02
  29  3.0781429620676995e-02
  28  4.7089438098199154e-02
  21  4.8373854909147383e-02
  19  7.4752738522651324e-02
  20  7.5112359082410665e-02
  18  1.1388270519524449e-01
  48  1.2822405280790614e-01
  15  1.3048830204251363e-01
  33  1.8931965720842384e-01
  14  1.9184288862064866e-01
  32  2.6765633623545737e-01
  27  2.7618523441165127e-01
   7  3.5170553276133087e-01
  26  3.6259628681385586e-01
  17  4.4168904493820205e-01
  25  4.5705035489209028e-01
  16  5.4817593922060337e-01
  13  5.7469725368953084e-01
  12  6.7586375180849645e-01
  11  6.8154080678842466e-01
  10  7.7134611862589808e-01
   6  8.1117500681378318e-01
   5  8.7179740184261101e-01
  24  8.7828257575395352e-01
   4  9.1953207150121719e-01
   9  9.7098636235235880e-01
   8  9.8315367100865014e-01
   3  9.9616425444335366e-01
   2  9.9797340998157047e-01
   1  9.9896128029743092e-01
   0  9.9999945603017137e-01
