0 0 0 2 0 0 2 0 0 0 2 0 0 2 0 2 0 0 2 0 2 0 1 0 2 0 1 0 1 0 0 2 0 0 2 0 0 2 0 2 0 2 0 2 0 0 0 0 2 0 2 0 2 0 2 0 1 0 1 0 2 0 0 2 0 2 0 2 0 0 2 0 1 0 0 2 0 2 0 2 0 1 0 1 0 2 0 1 0 1 0 2 0 2 0 0 1 0 0 2 0 2 0 0 1 0 0 2 0 0 2 0 1 0 1 0 1 0 0 2 0 2 0 2 0 0 0 
0 0 2 0 1 0 2 0 2 0 1 0 1 0 2 0 2 0 1 0 1 0 0 2 0 2 0 2 0 2 0 2 0 2 0 2 0 2 0 2 0 0 1 0 0 2 0 0 1 0 2 0 1 0 0 2 0 2 0 2 0 2 0 
0 0 2 0 0 2 0 2 0 2 0 1 0 2 0 2 0 2 0 2 0 0 2 0 2 0 1 0 1 0 2 
2 0 2 0 2 0 0 2 0 2 0 2 0 1 0 
0 2 0 2 0 2 0 
0 1 0 
2 
 255  1.3081578839604870e-17
 254  1.0926101873291378e-11
 253  1.0949807345489212e-11
 251  2.1044739119338818e-11
 249  4.6920654836494938e-11
 248  2.3538383077543976e-10
 235  4.7052272270715748e-10
 207  8.5594186563871018e-10
 241  1.5095087686158991e-09
 240  6.1080797775132669e-08
 168  7.4676162822389998e-08
 252  3.1190217696245128e-07
 250  3.1708519492638095e-07
 237  5.0338951288566748e-07
 245  6.6446476454314604e-07
 234  7.7492870840649317e-07
 247  9.7987986379780407e-07
 244  1.2475402671588216e-06
 205  1.3978486376513219e-06
 233  1.6655730480267220e-06
 206  3.2745486029012884e-06
 227  3.3460809120191059e-06
 204  5.4182962031102288e-06
 231  6.6501484690913030e-06
 219  7.2779254572977377e-06
 226  7.3088760228083651e-06
 200  1.1674780450236063e-05
 232  2.2760632549427133e-05
 166  6.3574512613310670e-05
 147  6.8818030625520082e-05
 191  1.2972458087213816e-04
 164  1.4182586699305864e-04
 165  1.6510237597983969e-04
 224  1.9340919933844781e-04
 176  2.2677025633178644e-04
 246  2.7697128261517745e-04
 243  2.9006433268203159e-04
 242  3.1175864523460227e-04
 239  3.6653068203729215e-04
 203  4.2280503034693281e-04
 236  4.3360591504628521e-04
 216  4.6645220150953200e-04
 230  4.7302351198908089e-04
 201  4.7360385576627442e-04
 153  4.9760537425459653e-04
 197  7.6369787411031357e-04
 222  7.7618361894729408e-04
 225  9.3040636604631993e-04
 229  1.1825892190648573e-03
 202  1.1912886803063789e-03
 218  1.2888270625345233e-03
 223  1.3654336379740519e-03
 217  1.6893368248329928e-03
 198  2.4807190546066544e-03
 213  2.6822874188377880e-03
 146  3.0994159901462570e-03
 195  3.5526955878868562e-03
 161  6.7447659935655829e-03
 145  7.4654391810762737e-03
 162  7.8624075184784946e-03
 163  8.1286264502066930e-03
 137  8.1799985647030976e-03
  99  9.1534864851119946e-03
 188  1.1018561652985356e-02
 190  1.1781248350850478e-02
 174  1.1903696870925694e-02
 238  1.7284592632914077e-02
 173  1.8270620195362946e-02
 228  1.8419930117536846e-02
 199  1.8457551885646437e-02
 152  1.9345249955771873e-02
 189  1.9512232136834669e-02
 139  2.0334759424634294e-02
 196  2.5259027534128457e-02
  88  2.8280550378505135e-02
 172  2.8434363751888191e-02
 220  2.9007020785372154e-02
 149  2.9905763428741579e-02
 221  3.3041293286977629e-02
 194  3.6593726359781142e-02
 185  3.9548471947878645e-02
 214  4.1835183973900805e-02
 160  4.4405210439281723e-02
 215  4.7171475448878210e-02
 132  5.1548481148816667e-02
 211  6.2335561529634709e-02
 212  6.5232093981888631e-02
 143  6.9312309197436445e-02
 144  7.5202421274469022e-02
 136  8.0957918565456935e-02
 193  8.5569089306283777e-02
 210  9.4656495139176580e-02
  98  1.3416302534997807e-01
 159  1.4510574097482221e-01
 184  1.6478082002125843e-01
 186  1.6558544326096311e-01
  97  1.9038987620129855e-01
 133  2.0324508051219600e-01
 171  2.0668983847677053e-01
 187  2.0783605685430809e-01
 138  2.2047575745985160e-01
  85  2.2271791120860410e-01
 148  2.5842711255446082e-01
  86  2.6099391372807251e-01
 129  2.6816136333002011e-01
 170  2.8079915728054461e-01
  91  2.8264207819880682e-01
 192  3.3720824185434373e-01
 115  3.4459694387883810e-01
 135  3.6025550004300283e-01
 169  3.6578355262039491e-01
 130  3.6766952847169049e-01
 142  3.7329840922672097e-01
  84  3.8492556021085256e-01
 209  3.9670739712798136e-01
 180  4.1052186104325589e-01
 183  4.1091380251941223e-01
 158  4.5591171870490599e-01
 181  4.5843158683146223e-01
 208  4.9399244298926726e-01
 141  4.9594955844146316e-01
 122  5.1740319131991908e-01
 157  5.3135452954899831e-01
 128  5.5630644511165384e-01
  70  6.1294397303897785e-01
 156  6.1995495926032174e-01
  71  6.2531541521117762e-01
  96  6.4668693201955696e-01
 123  6.4813873785175602e-01
 131  6.6972070652235871e-01
  83  7.2836007578246265e-01
 182  7.2891742121627934e-01
  80  7.3002526049352823e-01
  90  7.5331135168303309e-01
  55  7.6357683243309526e-01
 134  7.7341539988499675e-01
 127  7.8791992952561296e-01
 114  7.9134198474865713e-01
 167  8.2472315899277771e-01
  89  8.2632892907749678e-01
  81  8.2995394394534527e-01
 178  8.5619857625936779e-01
  82  8.5873350451202701e-01
  32  8.6106431161863195e-01
 113  8.6451475232195252e-01
 140  8.7664331181690547e-01
 125  8.8541297157922882e-01
 179  8.8795520054235300e-01
 177  9.0568514092557484e-01
 120  9.1030097549965050e-01
 107  9.1867393420164845e-01
 155  9.2611150862512071e-01
 126  9.4146998617743283e-01
 118  9.4492966390090649e-01
  68  9.4671114266505241e-01
 154  9.4982108151871569e-01
  77  9.5224570980561862e-01
 106  9.5265869558684491e-01
  69  9.5766222042242621e-01
 121  9.5917575440841640e-01
  65  9.6930764646104683e-01
 151  9.7047541965626727e-01
  78  9.7477223942884617e-01
  54  9.7581658132809468e-01
  67  9.7682180436195654e-01
 119  9.7699957992715358e-01
  61  9.8385296655752985e-01
  53  9.8873375870729996e-01
  87  9.9011528978618057e-01
  76  9.9075932233712261e-01
  79  9.9156794180957064e-01
 111  9.9213465916487809e-01
  64  9.9241545268056608e-01
 112  9.9246729284221669e-01
  30  9.9336402296048543e-01
  51  9.9411423498043971e-01
 124  9.9571359535786119e-01
  29  9.9653560656035123e-01
 175  9.9710280111805938e-01
  39  9.9730552780965831e-01
  28  9.9832512465405976e-01
 105  9.9864334098878238e-01
 116  9.9902875647042411e-01
  23  9.9924871361420675e-01
 104  9.9931732285970098e-01
 103  9.9936969226430528e-01
  15  9.9965863834790625e-01
 102  9.9968586810644666e-01
 150  9.9970793902963695e-01
  73  9.9973340779844733e-01
  75  9.9977604573901402e-01
  47  9.9981825416483194e-01
  66  9.9981932379987049e-01
 110  9.9987601819353755e-01
 117  9.9988030950374884e-01
  95  9.9989352873409332e-01
  60  9.9991221713422174e-01
  52  9.9992331745195762e-01
  58  9.9996456629077712e-01
  63  9.9996473403174424e-01
  50  9.9997932506972054e-01
  74  9.9997964575523490e-01
  62  9.9998662043180797e-01
 109  9.9999181371920964e-01
  49  9.9999669586045248e-01
  59  9.9999729190487718e-01
  38  9.9999747428172714e-01
  46  9.9999835080019517e-01
  27  9.9999908151556582e-01
  37  9.9999923958865877e-01
  26  9.9999939199088905e-01
  22  9.9999949172552327e-01
  35  9.9999955838931642e-01
  25  9.9999957594682309e-01
  14  9.9999965833136883e-01
  72  9.9999966976501331e-01
  21  9.9999967642612231e-01
 101  9.9999967677866597e-01
 100  9.9999968407850459e-01
  19  9.9999968877089884e-01
  94  9.9999968889408197e-01
 108  9.9999968983191456e-01
  13  9.9999969047258974e-01
  11  9.9999969174535197e-01
  93  9.9999969216295581e-01
  45  9.9999969224136465e-01
   8  9.9999969233271269e-01
  43  9.9999969283193124e-01
  48  9.9999969291740409e-01
  56  9.9999969291774071e-01
  44  9.9999969292634339e-01
  42  9.9999969292883373e-01
  41  9.9999969292885493e-01
  40  9.9999969292885549e-01
  92  9.9999969294006141e-01
  57  9.9999969294091862e-01
  31  9.9999969294208713e-01
  33  9.9999969294408841e-01
  36  9.9999969294409019e-01
  34  9.9999969294415136e-01
   9  9.9999969294589819e-01
  12  9.9999969294611257e-01
  10  9.9999969294615587e-01
   2  9.9999969294662061e-01
   3  9.9999969294662061e-01
   0  9.9999969294662261e-01
   1  9.9999969294662261e-01
  17  9.9999969294700186e-01
  16  9.9999969294700253e-01
   6  9.9999969294700541e-01
   7  9.9999969294700597e-01
   4  9.9999969294700652e-01
   5  9.9999969294700675e-01
  20  9.9999969294707580e-01
  18  9.9999969294710955e-01
  24  9.9999969294711510e-01
