0 0 2 0 2 0 2 0 2 0 2 0 0 2 0 2 0 2 0 2 0 1 0 2 0 2 0 2 0 1 0 0 2 0 1 0 2 0 1 0 0 2 0 2 0 1 0 2 0 2 0 2 0 2 0 0 2 0 2 0 2 0 1 0 2 0 2 0 1 0 2 0 0 2 0 2 0 0 2 0 2 0 0 2 0 0 1 0 0 1 0 0 1 0 0 2 0 2 0 0 2 0 1 0 0 2 0 0 0 2 0 2 0 0 0 0 0 2 0 0 0 0 0 0 0 0 0 
0 2 0 0 1 0 1 0 1 0 1 0 0 2 0 0 2 0 2 0 0 2 0 1 0 2 0 0 1 0 1 0 2 0 0 2 0 2 0 0 1 0 0 2 0 0 1 0 1 0 2 0 1 0 2 0 0 0 2 0 0 0 2 
0 2 0 2 0 0 2 0 2 0 1 0 1 0 2 0 2 0 1 0 2 0 0 2 0 2 0 2 0 1 0 
0 2 0 2 0 0 2 0 2 0 2 0 1 0 1 
0 1 0 2 0 2 0 
0 2 0 
1 
 247  9.1263554725668159e-22
 255  3.3165359182361693e-21
 243  2.0670755667536244e-19
 215  4.2253158510809840e-19
 227  6.3691336439552855e-18
 253  8.3272037469724312e-18
 254  1.4988752308487809e-15
 251  3.0047703551669778e-15
 159  3.4645108051680690e-15
 213  2.0880168554355465e-13
 252  8.0113145845280820e-13
 249  1.3348174086884679e-12
 250  1.5335330401772296e-12
 231  1.5831993914760726e-12
 246  1.9471123669944676e-12
 245  1.9481834724620648e-12
 212  2.9977558534571561e-12
 239  3.8891712249674552e-12
 242  4.3278830969682430e-12
 241  4.3348652222750637e-12
 237  8.6555860844663935e-12
 155  1.5519303600685142e-11
 199  2.0893618144159101e-11
 224  2.1245620075362231e-11
 236  4.0577080479838967e-11
 214  5.9602397531169921e-11
 183  7.2787579000288886e-11
 197  1.0605259921698845e-10
 226  2.0571522289883587e-10
 225  2.2237517146741386e-10
 207  3.4826721404454464e-10
 221  3.8841014962106608e-10
 153  9.3180702056160691e-10
 196  1.9862254026570872e-09
 158  7.8278181012432266e-09
 127  1.2624008353949127e-08
 220  1.4005371053040811e-08
 145  2.1270410067978933e-08
 152  3.4326064243747230e-08
 248  9.0866553616338490e-08
 244  9.1829531930280922e-08
 238  9.3724545569397680e-08
 217  1.5065833013233633e-07
 240  1.9315380762482428e-07
 233  1.9915222077630650e-07
  97  2.5133223179308019e-07
 154  2.6428483224953213e-07
 209  2.7469346756869295e-07
 211  2.7537150772154668e-07
 235  2.9224872129414379e-07
 230  3.6321534136503709e-07
 229  3.6797279309117013e-07
  79  4.9680842283187657e-07
 210  5.6590068032967399e-07
 148  7.2046756337582819e-07
 156  7.6580289733792354e-07
 206  7.7808319037809351e-07
 223  8.5629432877806131e-07
 157  9.7226123968918655e-07
 205  1.1281864042690586e-06
 198  1.1780181539608753e-06
 139  1.5729213168199146e-06
 151  1.6029688372113945e-06
 192  2.0929619802696210e-06
 189  2.3519029477558868e-06
 182  2.4636486387471623e-06
 203  2.8645415469152775e-06
 144  2.9788577057055342e-06
 193  3.3427298341608120e-06
 181  6.2463683165885040e-06
 142  7.2987722711313259e-06
 195  7.7586456986127395e-06
 208  8.1172099048317130e-06
 177  9.2521013845477134e-06
 149  9.5228321175635726e-06
 171  9.7670407164026716e-06
 180  1.1094092105603117e-05
 135  1.4663147977348101e-05
 126  5.4097752140803877e-05
  96  6.8568074012672006e-05
 125  7.7398358698319101e-05
  78  1.0192297211737492e-04
 191  1.0763578085609629e-04
  93  1.2532438074905911e-04
 123  1.5732090096571305e-04
 234  1.7410272049264328e-04
 232  1.7937675340474113e-04
 119  1.8143416473041785e-04
 228  1.8909930534632377e-04
 222  2.1234114919920256e-04
  77  2.2964983418376659e-04
  92  2.3854101766450416e-04
 219  2.5024689914415071e-04
 150  2.5183809728146711e-04
 176  2.5247386604333678e-04
 146  2.6337917791695797e-04
 204  3.0340842952984579e-04
 216  3.0390598816420984e-04
 143  3.0549506091953773e-04
 202  3.2701177244523667e-04
 138  3.9353175654834391e-04
  89  3.9505219139130814e-04
 137  4.4941355343753150e-04
  75  4.7823485264587373e-04
 188  4.7964534420980146e-04
 186  5.6009304926314262e-04
 111  5.6812415212840204e-04
 168  6.1147473152500017e-04
 134  6.1306709154302448e-04
 194  6.1922091613753429e-04
 147  6.6608534804071372e-04
  71  7.1120160292500231e-04
 201  8.3217086078655100e-04
 190  8.5127114608701696e-04
 179  8.7345433908107666e-04
 174  9.3987480516461071e-04
 187  9.7395652854472350e-04
 178  1.0017513523714263e-03
 175  1.4951856935654557e-03
 170  1.5202000118431579e-03
 140  1.6164732957297295e-03
 133  1.6172159057212840e-03
 169  2.0451971981679390e-03
 131  2.7813863281308535e-03
  88  3.0549057579506733e-03
 165  3.3308909309968820e-03
 124  3.3419450779163065e-03
 122  4.1766821450610284e-03
  76  5.2921944433543160e-03
  74  6.9785457518810809e-03
 118  7.1701655076094736e-03
  48  7.5860728984707268e-03
  91  8.1483898832347221e-03
 121  8.2320782887004458e-03
  63  8.6826872880440328e-03
  90  1.0629700923072225e-02
  70  1.2655791624680909e-02
 141  1.3886707250707418e-02
 117  1.4912133242065582e-02
 200  1.5723502608007346e-02
 218  1.6486824391529566e-02
 136  1.7314914225482956e-02
  73  1.9185070736496463e-02
  40  2.2812343347981292e-02
 132  2.3358223545878978e-02
 184  2.4551362567452092e-02
 115  2.5387021179952039e-02
 110  2.6276746067805907e-02
  85  2.6759215243751324e-02
 185  2.8757644702677877e-02
  87  2.9014444390675253e-02
 108  3.2733981610220800e-02
 130  3.2998581728220670e-02
 172  3.3419261329114228e-02
  69  3.4187925443287130e-02
 173  3.8959499173740246e-02
  84  4.1297193685338261e-02
 109  4.1914316197387939e-02
 166  4.8222515251508731e-02
 167  5.4492546785486817e-02
  67  5.6633796993785256e-02
 163  7.1895042492368930e-02
 129  7.3292432455468778e-02
 164  7.4932106193459747e-02
 105  9.3478366869573531e-02
 120  9.5006704504178793e-02
 162  1.0728124592186226e-01
  46  1.2192440643371295e-01
  72  1.3278119101255378e-01
 116  1.3962856873762211e-01
  62  1.4070636811017570e-01
  60  1.5040635766114510e-01
  45  1.7157075405188554e-01
  86  1.8082431083155859e-01
  37  1.9521793946278240e-01
  68  1.9533599457571721e-01
 114  1.9876219932741448e-01
  61  2.0036888825392390e-01
  38  2.3295185730416451e-01
  44  2.4167869858786575e-01
  83  2.5653233034956896e-01
  66  2.7251653716458502e-01
 106  2.9900205703210658e-01
 104  3.0346550291151519e-01
 113  3.0385366459486546e-01
 128  3.1563889005418838e-01
 107  3.2072103019340692e-01
  82  3.3773072236642415e-01
  57  3.4356002888478498e-01
  36  3.4779937131638294e-01
 161  4.2620810560667305e-01
  81  4.2860127173523760e-01
  65  4.3000144357210945e-01
 160  5.1917287645771726e-01
  23  5.9128490140286905e-01
 100  5.9970112828307021e-01
  58  6.0087901393696386e-01
 103  6.0127055193471768e-01
 101  6.1772021714806580e-01
  43  6.3911566925569041e-01
  59  6.7032587160559265e-01
  56  6.7218719543485395e-01
  35  6.9421567090826242e-01
  32  6.9894127252136240e-01
  22  7.0176295727109850e-01
 112  7.2351740041122703e-01
  42  7.3051680559353094e-01
  64  7.9312609264075196e-01
  33  8.0484063995456268e-01
  41  8.0764646580584909e-01
  34  8.3538824301937986e-01
  52  8.3909032355536994e-01
 102  8.6099451860130538e-01
  80  8.6174783174124348e-01
  55  8.8511204559814805e-01
  53  8.9005275403314177e-01
  98  9.4159983220254440e-01
  29  9.4316542337001941e-01
  21  9.4977735399180219e-01
  99  9.5194987765296357e-01
  95  9.6515716667719442e-01
  30  9.6832284759150800e-01
  20  9.7086077865661458e-01
  19  9.7161761141945513e-01
  54  9.7841055861505422e-01
  18  9.8431511228356205e-01
  15  9.8501242829188873e-01
  39  9.8770817039217385e-01
  28  9.8797076496801906e-01
  31  9.8867028303141302e-01
  50  9.9135273410407609e-01
  11  9.9206047147802712e-01
  49  9.9535841637233391e-01
  10  9.9599507549207866e-01
  51  9.9679632775645044e-01
  94  9.9959819415243079e-01
  25  9.9960909636535233e-01
  27  9.9965010163197976e-01
  17  9.9986035087909864e-01
  14  9.9992442084246358e-01
  16  9.9993143721752320e-01
  26  9.9996353382563363e-01
  13  9.9996997090216699e-01
   9  9.9999281920130711e-01
  47  9.9999387175636678e-01
   8  9.9999607330780516e-01
   7  9.9999703367515136e-01
   6  9.9999803713397384e-01
   3  9.9999875996596055e-01
  24  9.9999924033553556e-01
  12  9.9999929024728362e-01
   5  9.9999929052860803e-01
   4  9.9999929052862369e-01
   2  9.9999929053109027e-01
   0  9.9999929053118441e-01
   1  9.9999929053118730e-01
