0 0 0 0 0 0 0 1 0 0 0 0 0 0 1 0 0 1 0 0 1 0 0 1 0 0 1 0 0 1 0 1 0 0 0 0 0 0 1 0 1 0 1 0 1 0 1 0 1 0 1 0 1 0 1 0 1 0 1 0 1 0 1 0 1 0 1 0 1 0 1 0 1 0 1 0 1 0 1 0 1 0 1 0 1 0 1 0 1 0 1 0 1 0 1 0 0 0 1 0 1 0 0 0 1 0 1 0 0 1 0 0 1 0 0 0 1 0 1 0 1 0 0 0 0 0 0 
0 1 0 0 0 0 1 0 0 1 0 0 0 1 0 0 0 0 1 0 1 0 1 0 1 0 1 0 1 0 1 0 1 0 1 0 1 0 1 0 1 0 1 0 1 0 1 0 0 1 0 0 1 0 0 1 0 0 1 0 1 0 0 
0 0 1 0 0 1 0 0 1 0 1 0 1 0 1 0 1 0 1 0 1 0 1 0 0 1 0 1 0 1 0 
0 1 0 0 1 0 1 0 1 0 1 0 0 1 0 
0 0 1 0 1 0 0 
0 1 0 
0 
 255  7.9882021900625299e-18
 247  2.9637032208640083e-12
 254  1.2078768276364563e-11
 253  1.2105412251300858e-11
 251  2.3777088333617406e-11
 231  3.1869133032085631e-11
 245  2.3558487776585351e-10
 191  2.1412583313113240e-08
 190  5.5216388960312031e-08
 252  3.4709128307317863e-07
 250  3.5299925063566226e-07
 249  3.6396415463008729e-07
 246  6.2475893234914077e-07
 243  8.4406353216806907e-07
 239  1.2578049621101114e-06
 244  1.4219867383611868e-06
 242  1.4869366862358985e-06
 230  1.7022840891793819e-06
 238  2.8411920996740382e-06
 215  3.7939659964396613e-06
 229  4.6113846603032160e-06
 227  7.1407887386647717e-06
 226  8.8048921284200432e-06
 189  2.6083531686557995e-05
 187  3.0700921535952589e-05
 214  3.5191413627512947e-05
 183  4.8624549820257967e-05
 188  5.1492688381430154e-05
 186  5.3463683646951860e-05
 175  5.7578781068987222e-05
 182  9.3545783383244748e-05
 174  1.9364682651203208e-04
 241  2.1827279438252660e-04
 237  2.5841176468550324e-04
 159  2.7276366779966439e-04
 248  2.8130813342466294e-04
 235  3.6486085914537447e-04
 240  4.2412403242100984e-04
 236  4.9246113287255489e-04
 234  5.8717033179060685e-04
 158  6.3494800035342376e-04
 228  6.9527195133263812e-04
 225  7.0746648049185650e-04
 223  9.3564033648007639e-04
 224  9.3615403851391213e-04
 221  1.1220507983442131e-03
 213  1.3557726994360272e-03
 220  1.4476048909950016e-03
 127  1.8653247873661909e-03
 211  2.0595732788957848e-03
 185  2.1528360336028909e-03
 212  2.4249488840093103e-03
 181  2.8906773058160569e-03
 126  2.9611613606709509e-03
 210  3.2528859656296310e-03
 207  3.3670342807006200e-03
 184  3.9644318982565438e-03
 179  4.2591457558017395e-03
 180  5.1842848473039179e-03
 173  5.3510581888235329e-03
 178  7.0697692422225442e-03
 203  7.6159589977553678e-03
 171  8.1848164452500705e-03
 172  9.2242444499372866e-03
 202  1.3234036313032016e-02
 170  1.3517161746700916e-02
 157  1.4167967560377526e-02
 167  1.4722730243438922e-02
 233  1.7210329423018627e-02
 232  2.1319813858517465e-02
 155  2.2377120345406107e-02
 156  2.3614112009361664e-02
 166  2.5386945328304961e-02
 222  2.8893961969845398e-02
 219  3.2860662075676311e-02
 154  3.6337903426324140e-02
  64  3.6402427258355720e-02
 218  4.0963997394488076e-02
 151  4.2341910513867383e-02
 125  4.7642532793788973e-02
 209  4.9737511536850493e-02
 217  5.9239439736972085e-02
 150  6.8837283188046910e-02
 123  7.3963961746423681e-02
 124  7.4947388266599330e-02
 206  7.5972264418943142e-02
 208  7.6802223393439201e-02
 177  8.0980049773553636e-02
 143  9.6176074979380882e-02
 205  1.0875011007796540e-01
 122  1.1419192509209675e-01
 176  1.2570003664684720e-01
 169  1.2710066650356142e-01
 119  1.3176802599100917e-01
 201  1.3218667725266928e-01
 142  1.4633403368597164e-01
 168  1.8874127028015908e-01
 200  1.8984312973359946e-01
 199  1.9107044189468889e-01
 165  1.9217988011471024e-01
 118  1.9572859147458499e-01
 153  2.3406977238622789e-01
 111  2.4298488952612476e-01
 198  2.6615055083733208e-01
 163  2.7054520547266303e-01
 164  2.7205068349831413e-01
  62  2.9797368071686231e-01
 152  3.2379305849563189e-01
 110  3.3657951712970907e-01
 149  3.3988647552380968e-01
 162  3.6804577083006029e-01
 216  3.7437765785967908e-01
  61  3.8861946700489725e-01
 195  3.9319533220574837e-01
  95  4.0454980148669772e-01
 121  4.4128700767787726e-01
 148  4.4405417642087486e-01
 147  4.4785186011748096e-01
  60  4.9176452049527186e-01
 204  5.0334613190276611e-01
 141  5.0359489918839162e-01
  94  5.2139192375391252e-01
 120  5.5147192686872015e-01
 146  5.5898685809839932e-01
 117  5.7969016731964729e-01
 140  6.1232649003052320e-01
 139  6.1791872929161074e-01
  57  6.3143908991600917e-01
 197  6.6611128651162399e-01
 116  6.8333828567629784e-01
 115  6.8878045218071005e-01
 138  7.1940699382576179e-01
 135  7.3663971359232339e-01
 109  7.3808194864777510e-01
 196  7.5392246252114747e-01
  51  7.6123011466419366e-01
 161  7.6397582480990478e-01
 114  7.7982488131268357e-01
 108  8.1888132758146814e-01
 134  8.2049746477163665e-01
 107  8.2273058483472628e-01
 160  8.3846914778301118e-01
 194  8.4037977620091897e-01
  59  8.5431259745331101e-01
  42  8.6063010205398349e-01
  93  8.7034877200076022e-01
 106  8.8504188365673131e-01
 103  8.9172315048626050e-01
 145  8.9192146030165742e-01
 193  8.9389103227929922e-01
  58  9.0348336922150574e-01
  92  9.1838602964626981e-01
  91  9.2013356266023827e-01
 144  9.3189426216323235e-01
 102  9.3430812073185443e-01
  56  9.4945894986273327e-01
  55  9.5112145285440142e-01
  90  9.5261573881690143e-01
  87  9.5488743373651430e-01
 137  9.5656152939146533e-01
  54  9.7140021256416520e-01
 113  9.7304986852157094e-01
 136  9.7445470968266479e-01
  86  9.7473775333806145e-01
  79  9.7618781624996209e-01
  50  9.7976920661760725e-01
 133  9.8173667812422949e-01
 112  9.8455730725211588e-01
  78  9.8732276223799909e-01
  49  9.8865143488890572e-01
  48  9.8927515803472132e-01
 132  9.8981643275366371e-01
 131  9.9028506842867969e-01
 105  9.9236928935990432e-01
  40  9.9331406964990232e-01
  43  9.9440415509661606e-01
 130  9.9475159041915528e-01
 104  9.9587253083266825e-01
 192  9.9624589570566746e-01
  37  9.9644354347791209e-01
 101  9.9742861087304635e-01
  36  9.9828776170502653e-01
  31  9.9849357603991629e-01
  89  9.9865749201246135e-01
 100  9.9866438904192689e-01
  99  9.9875154067659444e-01
  30  9.9928014260473219e-01
  88  9.9931389361436584e-01
  98  9.9935478658988841e-01
  53  9.9951357436274679e-01
  85  9.9962583445042230e-01
  16  9.9965818078600499e-01
  52  9.9975727261694625e-01
  84  9.9981559241932538e-01
  83  9.9983925787983108e-01
  77  9.9991348123182988e-01
  82  9.9991630580672730e-01
  76  9.9995834335380196e-01
  75  9.9996640134984449e-01
  46  9.9996994482599444e-01
  47  9.9997007145996120e-01
  73  9.9998440657870691e-01
  71  9.9998440744126449e-01
 129  9.9998548364305406e-01
  45  9.9998675392857495e-01
  67  9.9999257787375428e-01
 128  9.9999258404770963e-01
  41  9.9999584001001574e-01
  39  9.9999862089340430e-01
  35  9.9999899244548462e-01
  34  9.9999937289096996e-01
  33  9.9999956790466205e-01
  97  9.9999957545122298e-01
  29  9.9999961436767293e-01
  96  9.9999963386595836e-01
  28  9.9999965945828329e-01
  27  9.9999967795970413e-01
  25  9.9999968545451967e-01
  23  9.9999968557907892e-01
  14  9.9999968701554776e-01
  19  9.9999968923701921e-01
  13  9.9999969072818495e-01
  11  9.9999969188827376e-01
  81  9.9999969222346763e-01
  74  9.9999969257755483e-01
  80  9.9999969264784616e-01
   9  9.9999969268229083e-01
  72  9.9999969285201995e-01
  70  9.9999969287203294e-01
  44  9.9999969288832524e-01
  66  9.9999969292237256e-01
  24  9.9999969293504631e-01
  63  9.9999969293963120e-01
  65  9.9999969293983193e-01
  18  9.9999969294208724e-01
  17  9.9999969294208757e-01
  12  9.9999969294340230e-01
  15  9.9999969294340607e-01
  26  9.9999969294342528e-01
  69  9.9999969294356106e-01
  38  9.9999969294494251e-01
  21  9.9999969294504987e-01
  22  9.9999969294505020e-01
  20  9.9999969294505275e-01
  32  9.9999969294540558e-01
  10  9.9999969294603641e-01
  68  9.9999969294625413e-01
   0  9.9999969294676139e-01
   1  9.9999969294676139e-01
   2  9.9999969294676139e-01
   3  9.9999969294676139e-01
   5  9.9999969294699553e-01
   4  9.9999969294699564e-01
   8  9.9999969294700175e-01
   6  9.9999969294700231e-01
   7  9.9999969294700231e-01
