0 0 0 0 0 0 0 0 0 0 0 1 0 1 0 0 0 0 0 0 0 0 0 1 0 0 1 0 0 1 0 0 0 1 0 0 0 0 1 0 0 1 0 0 0 0 1 0 0 0 0 0 1 0 1 0 1 0 1 0 1 0 1 0 0 1 0 1 0 0 1 0 0 0 1 0 0 1 0 0 1 0 1 0 1 0 1 0 1 0 1 0 1 0 1 0 1 0 1 0 1 0 1 0 1 0 1 0 1 0 1 0 0 0 1 0 1 0 0 0 1 0 1 0 0 1 0 0 0 0 0 0 0 1 0 0 0 0 1 0 1 0 1 0 1 0 1 0 1 0 1 0 1 0 1 0 1 0 1 0 0 0 1 0 1 0 1 0 1 0 1 0 1 0 1 0 1 0 1 0 1 0 1 0 1 0 1 0 1 0 1 0 1 0 1 0 1 0 1 0 1 0 1 0 1 0 1 0 1 0 1 0 1 0 1 0 1 0 1 0 1 0 1 0 1 0 1 0 1 0 1 0 1 0 1 0 1 0 1 0 1 0 1 0 1 0 1 0 1 0 1 0 1 0 0 0 1 0 1 0 1 0 1 0 1 0 1 0 1 0 1 0 1 0 1 0 1 0 1 0 1 0 1 0 1 0 1 0 1 0 1 0 1 0 1 0 1 0 1 0 1 0 1 0 1 0 1 0 1 0 1 0 1 0 1 0 0 0 1 0 1 0 1 0 1 0 1 0 1 0 1 0 1 0 0 0 1 0 1 0 1 0 0 0 1 0 1 0 0 0 0 0 1 0 1 0 1 0 1 0 1 0 1 0 0 0 0 0 1 0 0 0 0 0 0 0 0 0 0 0 0 0 0 0 0 0 1 0 1 0 0 0 1 0 1 0 0 1 0 0 1 0 1 0 1 0 1 0 0 1 0 0 1 0 0 0 1 0 1 0 1 0 0 0 1 0 0 0 0 0 0 0 0 1 0 0 1 0 0 0 1 0 0 0 0 1 0 0 1 0 1 0 1 0 0 0 1 0 0 0 0 0 0 0 1 0 0 0 0 0 0 0 0 0 0 0 0 0 0 0 0 1 0 0 0 0 0 0 0 0 0 0 0 0 0 0 0 0 0 0 0 0 0 0 0 0 0 0 0 0 0 
0 0 0 0 0 0 0 0 0 0 1 0 1 0 0 0 0 0 1 0 0 0 0 1 0 0 1 0 1 0 1 0 0 0 1 0 0 1 0 0 1 0 1 0 1 0 1 0 1 0 1 0 1 0 1 0 0 1 0 0 1 0 0 0 1 0 0 0 1 0 1 0 1 0 1 0 1 0 1 0 1 0 1 0 1 0 1 0 1 0 1 0 1 0 1 0 1 0 1 0 1 0 1 0 1 0 1 0 1 0 1 0 1 0 1 0 1 0 1 0 1 0 1 0 1 0 1 0 1 0 1 0 1 0 1 0 1 0 1 0 1 0 1 0 1 0 1 0 1 0 1 0 1 0 1 0 1 0 0 0 1 0 1 0 1 0 1 0 1 0 1 0 1 0 1 0 1 0 1 0 1 0 0 0 1 0 0 0 0 0 0 0 0 1 0 0 1 0 0 0 1 0 1 0 0 1 0 0 1 0 1 0 1 0 0 0 0 1 0 0 1 0 0 0 1 0 1 0 1 0 0 0 1 0 0 0 0 0 0 0 0 1 0 0 0 0 0 0 0 0 0 0 0 0 0 
0 0 0 0 0 1 0 0 1 0 0 0 1 0 1 0 0 1 0 0 1 0 1 0 1 0 1 0 0 1 0 1 0 0 1 0 1 0 1 0 1 0 1 0 1 0 1 0 1 0 1 0 1 0 1 0 1 0 1 0 1 0 1 0 1 0 1 0 1 0 1 0 1 0 1 0 1 0 1 0 1 0 1 0 1 0 1 0 1 0 1 0 1 0 0 0 0 1 0 0 1 0 0 0 1 0 1 0 0 1 0 0 1 0 1 0 1 0 0 0 0 0 0 0 0 0 0 
0 0 0 1 0 0 1 0 0 0 1 0 1 0 0 0 1 0 1 0 1 0 1 0 1 0 1 0 1 0 1 0 1 0 1 0 1 0 1 0 1 0 1 0 1 0 1 0 0 1 0 0 1 0 0 0 1 0 1 0 0 0 0 
0 0 1 0 0 1 0 0 1 0 1 0 1 0 1 0 1 0 1 0 1 0 1 0 0 1 0 0 1 0 0 
0 1 0 0 1 0 1 0 1 0 1 0 0 1 0 
0 0 1 0 1 0 0 
0 1 0 
0 
 959  0.0000000000000000e+00
 991  8.9045080376650138e-40
1015  1.1410484612217772e-37
 759  6.4076849542031819e-33
 767  4.3523375132197074e-31
 951  8.4764364683142107e-31
 990  6.0022014916860229e-28
 975  3.9050319390403768e-26
1011  2.9655142457146171e-25
 958  8.2955596858115016e-25
 987  2.3905047358912436e-24
1023  1.1732518476251188e-23
1003  7.0490194393469489e-23
 989  1.1561822509248784e-22
 943  1.7315255842714759e-22
 927  2.3466556414103659e-22
1007  6.7561649247445376e-22
1014  9.8850819262009993e-22
 957  1.1535572753221537e-21
 955  5.3238432318588249e-21
 947  5.7825314233455716e-21
1019  7.9100265711521902e-21
 863  1.6960533911027268e-20
1021  2.7372686586813279e-20
 983  3.9623124732810555e-20
 766  7.2523989226705724e-20
1022  8.8025163453679036e-20
 950  2.1333916376711029e-19
 751  3.4664892005084272e-19
 765  3.8063102999980847e-19
 763  4.1016371266410388e-19
 939  4.9627278309324973e-19
 735  8.0071750046578108e-19
 758  9.2537373863667110e-19
 859  9.4106297491310589e-19
 757  1.3764575686092639e-18
 923  1.7793103420559995e-18
 895  2.2564130944589332e-18
 747  3.7222391867303238e-18
 755  8.9783792975140334e-18
1006  1.3809374027349150e-17
 731  1.4859065361292682e-17
 999  2.7757563969200762e-17
1020  9.0797627503663556e-17
1018  9.3772198228313543e-17
 988  1.0709931599482655e-16
1013  1.0716343605022651e-16
 956  1.1308538889395792e-16
1017  1.3890156900589451e-16
 701  3.3277571562118156e-16
1005  3.7487148628519685e-16
 703  6.3844922882986042e-16
 986  6.6664850830944580e-16
1012  8.0117738702430624e-16
 974  8.5637629950950167e-16
1009  1.0755369607624087e-15
1010  1.7298972069388123e-15
 995  2.0699743299750795e-15
 949  2.3492181200741004e-15
1002  2.4065598652347124e-15
 635  2.6052823849819571e-15
1001  2.7659225872436874e-15
 985  4.0265865384584503e-15
 997  4.8278797938560980e-15
 979  5.2258415908188150e-15
 639  5.8131174396579528e-15
1004  7.7371462493863765e-15
1016  9.8151228066064374e-15
 981  9.9329739673298615e-15
 971  1.0549812648493898e-14
 998  1.4189621809694663e-14
 982  1.4837507453101368e-14
 973  1.7439006501712555e-14
 969  2.2028708016626772e-14
 954  2.5801950249117143e-14
 887  4.5549546458229287e-14
 942  5.6663563886556025e-14
 941  5.6710982217264643e-14
 926  6.5329191139572035e-14
 935  1.1700798582138053e-13
 919  1.4346016477468137e-13
 925  1.7624890274269971e-13
 953  1.7784718455495705e-13
 946  2.3806596408510025e-13
 933  2.6129849424506800e-13
 911  2.7170991711253980e-13
 894  2.7455895120072768e-13
 945  2.7519712667441115e-13
 509  3.4949626011061624e-13
 937  4.6206527557511062e-13
 917  6.2324505205683252e-13
 948  6.4011262792504523e-13
 938  7.3541422380196743e-13
 921  7.4606374705287967e-13
 862  7.8227432380084926e-13
 922  1.4180857193735260e-12
 892  1.6268322855049249e-12
 909  1.7794594168184822e-12
 855  4.5661417966852046e-12
 885  5.7583610388404784e-12
 750  5.9821781154128163e-12
 749  6.0024060219932516e-12
 847  7.6318873642821935e-12
 861  8.1598049318909949e-12
 734  8.6847570716932758e-12
 764  1.0922516418740570e-11
 743  1.1957526396216739e-11
 858  1.2891640868983497e-11
 857  1.2908846265539121e-11
 511  1.3143220003899790e-11
 893  1.3945561861438245e-11
 756  1.6838774591440129e-11
 754  1.6856861522653667e-11
 753  1.6881092672247568e-11
 733  2.3151961071431143e-11
 727  2.4949128084020285e-11
 853  2.5799760781105681e-11
 741  3.1826918368132763e-11
 831  3.2439429156244685e-11
 746  3.3672340079567064e-11
 745  3.3704194320407074e-11
 719  3.6439487385922181e-11
 702  4.5815783858088951e-11
 845  5.0630208591049526e-11
 726  6.8549624681448399e-11
 730  6.8670476633305074e-11
 729  6.8797256332826967e-11
 695  9.6596487522563755e-11
 761  1.0637530000863460e-10
 815  1.1879074670107312e-10
 699  1.3161322797855462e-10
 687  1.5949774381385040e-10
 762  1.8013966416805161e-10
 718  2.2792190155635920e-10
 700  2.5501740406727971e-10
 697  2.5566420003719109e-10
 694  2.7435270488406680e-10
 671  4.4442122394605907e-10
 685  5.1726648083335918e-10
 814  6.0390867426493828e-10
 607  7.5185209172212350e-10
 631  8.0620657906180515e-10
 952  8.8634171499699780e-10
 634  1.2468611387076904e-09
 638  1.6742744500732101e-09
 623  1.6880048599723983e-09
1008  1.7236929949841873e-09
1000  1.7325080309701666e-09
 996  1.7469061077432920e-09
 994  1.7693170401188376e-09
 993  1.8139900217331749e-09
 669  2.0263013098183455e-09
 630  2.0679258254075773e-09
 633  2.2177200848111174e-09
 984  3.3581946434131531e-09
 980  3.3701268244614980e-09
 978  3.3935591248411368e-09
 977  3.4400479245925768e-09
 261  4.7381478048966809e-09
 622  4.7562644011258660e-09
 972  6.7160465898492808e-09
 970  6.7421143350460636e-09
 967  6.9935627007513480e-09
 860  7.6229588517842658e-09
 510  1.2167787642348739e-08
 940  1.2218480482224155e-08
 924  1.2642771039325693e-08
 934  1.3364240901337222e-08
 968  1.3430880055391120e-08
 965  1.3484565083855132e-08
 507  1.3817329458726390e-08
 931  1.4318950123507553e-08
 944  1.5837874510772668e-08
 918  1.5943510842889880e-08
 915  1.6133958282369518e-08
 936  1.7102483801997355e-08
 503  1.8571071800725587e-08
 932  1.8597843889675208e-08
 606  1.8706678182086957e-08
 930  2.0293076013912754e-08
 760  2.2038057747272190e-08
 910  2.5313432499423290e-08
 479  2.5962693824083344e-08
 508  2.6607023399936359e-08
 506  2.6774351773512110e-08
 964  2.6854486653559279e-08
 920  3.1368027751487775e-08
 916  3.1573931545704394e-08
 907  3.1806316148125650e-08
 914  3.1888594518449992e-08
 575  3.7614062017541326e-08
 891  4.4880667088790705e-08
 890  4.6148833827569488e-08
 495  4.6853130623076686e-08
 889  4.7560611986005077e-08
 903  5.0972445330445083e-08
 502  5.3808230786603448e-08
 886  5.9890869840549854e-08
 908  6.2870536545656062e-08
 906  6.3288865961407255e-08
 883  8.7870107801979949e-08
 875  8.8645330944150162e-08
 637  1.1770471914635236e-07
 494  1.1941973642712376e-07
 879  1.2567138897826185e-07
 902  1.2600546502732337e-07
 884  1.2685091001090552e-07
 882  1.3527965330815550e-07
 854  1.5576044792125886e-07
 851  1.5787275448565148e-07
 574  1.7116893241166167e-07
 846  2.0615097046792419e-07
 748  2.3215045846068454e-07
 742  2.3478243747076502e-07
 739  2.4044858105413017e-07
 732  2.8864902041502012e-07
 856  2.9226020394230297e-07
 852  2.9462809383531817e-07
 843  2.9551684067188788e-07
 850  2.9811423618439344e-07
 839  4.2379517954376207e-07
 752  4.4015964216430429e-07
 744  4.4341417490835519e-07
 740  4.4947846483487100e-07
 725  4.5273061110670550e-07
 738  4.5913656889879620e-07
 723  4.8759618007120732e-07
 478  4.8918268565135816e-07
 830  5.2942301232357464e-07
 844  5.4314837079920095e-07
 842  5.4714604193760444e-07
 636  5.4816020396959708e-07
 874  5.7070452680428171e-07
 829  6.2090110578824742e-07
 717  8.0372263650559289e-07
 728  8.6871928610360157e-07
 724  8.8263159105639308e-07
 715  8.8726043437786024e-07
 722  9.0344791197502000e-07
 698  9.1940319107809291e-07
 693  9.4701677644427182e-07
 838  1.0320996296883899e-06
 827  1.0718400087323228e-06
 691  1.0959156168868345e-06
 447  1.1043815241436706e-06
 711  1.1684274496953396e-06
 686  1.4631079838384850e-06
 716  1.5610413356536832e-06
 714  1.5989716480945402e-06
 696  1.7857092732043316e-06
 683  1.7895289720752983e-06
 692  1.8355136400384809e-06
 690  1.9147122331297107e-06
 813  2.0645711308228491e-06
 826  2.1163152335788433e-06
 710  2.1353703776130485e-06
 811  2.2274033840918358e-06
 684  2.8902084675530115e-06
 679  2.9510508882556427e-06
 682  3.0152084229155518e-06
 670  3.0999339801305136e-06
 446  3.2660498472481669e-06
 807  3.4955890730044877e-06
 629  3.7518834612648440e-06
 812  3.8595498753048538e-06
 810  3.9734243354570410e-06
 667  4.1292843381896339e-06
 791  4.3918211520635602e-06
 627  4.4289956444490352e-06
 678  5.1512851041794713e-06
 621  5.9637736069420774e-06
 806  6.5375781648945124e-06
 668  6.6221266730298632e-06
 799  6.6353841199847407e-06
 619  6.8505467932142541e-06
 666  6.9153748925245038e-06
 632  7.2308919986322640e-06
 628  7.4650677903224283e-06
 663  7.5047889021299851e-06
 655  7.5889250355551146e-06
 626  7.8636176506661955e-06
 620  1.1564589467884872e-05
 618  1.1849395255086645e-05
 260  1.2254588233396452e-05
 662  1.2431378259841220e-05
 247  1.2498310149574996e-05
 615  1.2569774827987994e-05
 257  1.3218094215579135e-05
 605  1.4331993153407608e-05
 603  1.6695043836312010e-05
 992  1.8902247581962316e-05
 976  1.9262474935443061e-05
 966  1.9910211939148707e-05
 963  2.1041909346131968e-05
 252  2.2203679655581182e-05
 614  2.2212176614517424e-05
 505  2.2773397386335904e-05
 962  2.3274225347942100e-05
 501  2.3854332761078657e-05
 383  2.4632519660569940e-05
 591  2.6647699425333881e-05
 961  2.7717806293219324e-05
 604  2.7778308899083986e-05
 602  2.8624159085655909e-05
 599  2.9579058890210084e-05
 499  2.9681375624688694e-05
 654  2.9885919927903774e-05
 929  3.4879910377558802e-05
 913  3.6149458364460749e-05
 905  3.7860734914314646e-05
 901  4.0459479506082437e-05
 790  4.0709995876140626e-05
 382  4.2497926685964607e-05
 493  4.4452848332571990e-05
 504  4.4750566446016506e-05
 500  4.6785130672840638e-05
 899  4.9350934366608702e-05
 498  5.0088997100999117e-05
 491  5.1481882275165148e-05
 598  5.1664151258859339e-05
 573  5.1961297069051263e-05
 881  6.1526438635897346e-05
 571  6.1974508509951594e-05
 246  6.3812049959283799e-05
 888  6.7867678718620009e-05
 928  7.0040944506813798e-05
 487  7.1629153493615552e-05
 912  7.2930447982954506e-05
 904  7.6408889614852166e-05
 900  8.1558486543585701e-05
 878  8.3142510399431091e-05
 492  8.6849995970184345e-05
 567  8.8806629344764904e-05
 898  8.9924355624778650e-05
 877  9.0364860366439460e-05
 490  9.0571918703912868e-05
 572  1.0290235981191697e-04
 477  1.0331357818249017e-04
 880  1.0735726432516790e-04
 570  1.0850065276480351e-04
 590  1.1589373505943312e-04
 873  1.1680607175205104e-04
 849  1.1893577192857104e-04
 559  1.2109929166562171e-04
 475  1.2200481772368880e-04
 841  1.2735934193137599e-04
 486  1.3334530307866678e-04
 837  1.4184427414556906e-04
 871  1.6123375218477748e-04
 566  1.6857654933116983e-04
 471  1.7704362077477627e-04
 835  1.9191487136395490e-04
 476  1.9969267327887784e-04
 872  2.0109304139336070e-04
 825  2.0847898751586073e-04
 737  2.0898933762622120e-04
 474  2.0996107209706298e-04
 721  2.1772465560501687e-04
 828  2.2756828377798322e-04
 869  2.2799269779102746e-04
 713  2.3265239932277588e-04
 848  2.3668334334095084e-04
 840  2.5147178755609181e-04
 463  2.5259174821876638e-04
 709  2.5337490504797727e-04
 836  2.7510784845423837e-04
 834  3.1086955663038238e-04
 823  3.1203720576864218e-04
 445  3.1532824970573311e-04
 470  3.2061087117752133e-04
 707  3.2506041276460554e-04
 223  3.4857308150796788e-04
 868  3.5913729651472823e-04
 558  3.7427005705675977e-04
 689  3.8373936815708410e-04
 824  3.8765013247108197e-04
 809  3.9156070613353109e-04
 736  4.0734801917034259e-04
 681  4.1018583008072115e-04
 443  4.1353231977156663e-04
 720  4.2214169018103251e-04
 712  4.4695956979669060e-04
 805  4.5228062037182092e-04
 677  4.5460607091746567e-04
 821  4.6619359157166503e-04
 708  4.8353624598060092e-04
 706  5.6431814179788307e-04
 543  5.7169061743098527e-04
 675  5.8146593720931176e-04
 444  5.9926005240295828e-04
 665  6.3062543506213411e-04
 439  6.5119539888928665e-04
 803  6.5472075004394277e-04
 442  6.8259429833698068e-04
 462  6.9730334974884547e-04
 808  7.2295888613624251e-04
 222  7.2659257115274616e-04
 661  7.2999935796963142e-04
 820  7.3162082193022591e-04
 688  7.3985168383622736e-04
 680  7.8251536664552613e-04
 798  7.8877111448775734e-04
 625  7.9277457007047617e-04
 804  8.3132718813619345e-04
 676  8.5869608868392397e-04
 617  9.0809687259315241e-04
 659  9.6543744231757827e-04
 802  1.0044563515553316e-03
 674  1.0099684797900365e-03
 797  1.0586049347476405e-03
 613  1.1180102794102304e-03
 438  1.1419973619380083e-03
 542  1.1926194356249183e-03
 664  1.1978654220800289e-03
 653  1.2572529249771603e-03
 431  1.2886108687684037e-03
 256  1.3157709087285104e-03
 660  1.3643687773325403e-03
 789  1.4940359226821149e-03
 601  1.5106781925969372e-03
 624  1.5283340864772179e-03
 381  1.5419473827849100e-03
 611  1.5683435479495222e-03
 796  1.6159665348774884e-03
 658  1.6781022429484685e-03
 616  1.7236312038100745e-03
 250  1.7492652698934137e-03
 651  1.7843049743827184e-03
 597  1.9348202203032111e-03
 249  2.0615483092052112e-03
 612  2.0717627694577505e-03
 245  2.0919861831321311e-03
 379  2.2623188817813980e-03
 652  2.2954127837318795e-03
 787  2.3076969630275103e-03
 497  2.5871983339983929e-03
 610  2.6255623764149891e-03
 788  2.6859712078651826e-03
 647  2.7269231859716513e-03
 595  2.7630055792958398e-03
 380  2.7946702320594979e-03
 600  2.8114787895682715e-03
 430  2.8166753151480390e-03
 650  2.9736656691876692e-03
 489  3.1886093795980997e-03
 243  3.2281871923210670e-03
 589  3.3577449769142697e-03
 569  3.5052556439104984e-03
 596  3.5061260653932447e-03
 786  3.6344083071998849e-03
 378  3.7032492390494088e-03
 244  3.7260758804449181e-03
 783  3.7763834791033767e-03
 375  3.8095897966551923e-03
 485  4.1536303835745187e-03
 594  4.6217944421230979e-03
 496  4.8459594394843304e-03
 565  4.8728684222649468e-03
 897  4.9288386722656195e-03
 587  4.9913777800321135e-03
 646  5.0283877407014416e-03
 242  5.1814838621532166e-03
 239  5.5288050400280541e-03
 473  5.7181724522449720e-03
 488  5.8231973897265128e-03
 960  5.8602270649401192e-03
 588  5.8956560409272113e-03
 483  5.9065888873411285e-03
 415  5.9271796898283415e-03
 568  6.2584773962818061e-03
 374  6.7565868090465565e-03
 563  7.2167185679890356e-03
 876  7.2474371683884002e-03
 484  7.3723139747342934e-03
 469  8.1541830331661805e-03
 586  8.2262388817225442e-03
 779  8.3361712047368575e-03
 583  8.4164209073702874e-03
 564  8.4434643839558250e-03
 870  8.7413260787519813e-03
 896  9.1313354959079284e-03
 557  9.1340064911491197e-03
 833  9.8831685807313982e-03
 414  9.9934457197574673e-03
 367  1.0034468222233566e-02
 472  1.0073968141038959e-02
 482  1.0093216009590457e-02
 867  1.1235537551638168e-02
 562  1.1925406994012908e-02
 467  1.2267970786168911e-02
 159  1.2909558523876286e-02
 235  1.2973796326037899e-02
 468  1.4003151737160307e-02
 555  1.4135017932143657e-02
 778  1.4361863839554947e-02
 822  1.4701802195428252e-02
 441  1.4867190450631411e-02
 582  1.4899254266477618e-02
 556  1.5405881194396264e-02
 461  1.5463469601876119e-02
 866  1.5467540200829155e-02
 221  1.6102053706655163e-02
 705  1.6603428106064279e-02
 832  1.6605533572622809e-02
 366  1.7818708379066926e-02
 819  1.8912551812360848e-02
 466  2.0335953150016770e-02
 801  2.1362725424773368e-02
 234  2.1686171763570856e-02
 673  2.2030317743973619e-02
 865  2.2873146321743840e-02
 437  2.3076919685525044e-02
 554  2.3146524222353089e-02
 541  2.3895222772424188e-02
 459  2.4120141835476030e-02
 440  2.5104688322522974e-02
 219  2.5230849331421133e-02
 460  2.5662494031945846e-02
 551  2.5969720736884722e-02
 818  2.6064992287394746e-02
 220  2.6601512890959279e-02
 704  2.9927745671676116e-02
 657  3.0693127532061829e-02
 795  3.2791681664627426e-02
 800  3.4326241340173154e-02
 435  3.5146777531725792e-02
 351  3.5686024887006000e-02
 539  3.7359918165775434e-02
 817  3.7625758028450931e-02
 436  3.7666888850705002e-02
 672  3.8451738885108069e-02
 540  3.8609207862033597e-02
 458  3.9182447268775934e-02
 609  4.0625276728570130e-02
 218  4.0942732215084036e-02
 550  4.3436125959498535e-02
 455  4.4228863865175209e-02
 649  4.5394299346560599e-02
 429  4.5780350155545553e-02
 794  4.5869056137936265e-02
 248  4.6326341934097952e-02
 215  4.7805561456135910e-02
 656  5.1851347956712646e-02
 377  5.3254019319784338e-02
 785  5.4097294114162121e-02
 434  5.6613402511227463e-02
 350  5.6946320917254996e-02
 538  5.9473226962007790e-02
 593  6.0521512979231508e-02
 793  6.5806517999818209e-02
 608  6.7088612249962001e-02
 645  6.7640190256048977e-02
 241  6.8764589713608687e-02
 535  6.9561712928152802e-02
 427  7.0801230347865410e-02
 454  7.1977427489479023e-02
 428  7.2040401118925262e-02
 648  7.3476456699733961e-02
 214  7.7278695461511615e-02
 782  8.2050942741061131e-02
 784  8.3190417252348020e-02
 376  8.4074713063055667e-02
 373  8.4220385929726471e-02
 585  9.1910302219163770e-02
 592  9.6444742024690902e-02
 643  9.8924932139717092e-02
 481  1.0269838146404225e-01
 238  1.0424154617669033e-01
 240  1.0493882061584643e-01
 644  1.0576298481477893e-01
 207  1.0703115525233764e-01
 319  1.0766226520605665e-01
 534  1.0898098080532795e-01
 426  1.0952046964628911e-01
 413  1.0973905865252367e-01
 561  1.1486100422446716e-01
 781  1.1709292398381378e-01
 423  1.2582492250689722e-01
 371  1.2626904964853897e-01
 372  1.2827492940303795e-01
 581  1.3837310587372406e-01
 777  1.3888042202246059e-01
 584  1.4081298874943768e-01
 527  1.4531544843580330e-01
 237  1.4780484821958459e-01
 642  1.5177666484571595e-01
 365  1.5732139741106513e-01
 480  1.5887209762155324e-01
 465  1.6095753534777929e-01
 206  1.6163165416194594e-01
 412  1.6323574081315431e-01
 411  1.6423186191602174e-01
 318  1.6541660776307554e-01
 158  1.6740164334126184e-01
 560  1.7306466669556939e-01
 233  1.7780941862823235e-01
 553  1.7801644572606762e-01
 370  1.8756813835523919e-01
 422  1.8766671917979105e-01
 776  1.9830666230715815e-01
 579  1.9835547417217408e-01
 775  1.9938873036064517e-01
 580  2.0330934830220740e-01
 526  2.1271926622148302e-01
 191  2.2308901831954717e-01
 364  2.2688585552340512e-01
 363  2.2883790588329497e-01
 157  2.3313354442491488e-01
 464  2.3518920453262809e-01
 410  2.3695934962943352e-01
 864  2.3781949427630897e-01
 457  2.4301110171533788e-01
 232  2.4887453451923464e-01
 217  2.5066888767881235e-01
 231  2.5095058411450394e-01
 552  2.5509080276904672e-01
 549  2.6281263946767158e-01
 407  2.6478733545768424e-01
 774  2.7572304050024171e-01
 578  2.8199179526705737e-01
 433  2.9779569636522096e-01
 816  2.9886585545647504e-01
 349  3.0753038758768486e-01
 537  3.1056126402187939e-01
 190  3.1470890806759549e-01
 156  3.1714583778559657e-01
 362  3.1797845119850043e-01
 456  3.3566927468401764e-01
 230  3.3895122994103238e-01
 216  3.4399765484974976e-01
 453  3.4682437247604669e-01
 359  3.4769303245276867e-01
 548  3.5717744206206070e-01
 547  3.5758514715274020e-01
 213  3.6147149248074067e-01
 406  3.6174988915212664e-01
 792  3.9475443406671212e-01
 432  3.9985918426189915e-01
 771  4.0188213974116593e-01
 348  4.0908858021272726e-01
 536  4.1232483578699092e-01
 347  4.1381565008102444e-01
 399  4.1430365337726532e-01
 425  4.3148073650749508e-01
 533  4.3406031210744711e-01
 452  4.5264582407759613e-01
 451  4.5383787296159755e-01
 358  4.5601840055156645e-01
 153  4.5819750609039289e-01
 546  4.6541369996009641e-01
 212  4.6799719387804400e-01
 211  4.7190501559008297e-01
 227  4.7471242092830446e-01
 641  5.0162396172089130e-01
 780  5.2083787808431581e-01
 346  5.2561350074981239e-01
 205  5.2842317333875011e-01
 398  5.2876818821840621e-01
 317  5.3395672796452287e-01
 424  5.4160410528324809e-01
 532  5.4310008335641036e-01
 531  5.4846602070971073e-01
 343  5.5263594052967657e-01
 369  5.6439257192893300e-01
 450  5.6607265633631887e-01
 421  5.6839682067932840e-01
 236  5.7907818273861134e-01
 210  5.8348603405803012e-01
 525  6.0350483777886088e-01
 640  6.1597014890575030e-01
 147  6.1729929639860259e-01
 409  6.3326928475778765e-01
 127  6.3485679180985444e-01
 204  6.3664391682298949e-01
 203  6.4170794317714897e-01
 316  6.4385442474152921e-01
 315  6.4820467176708185e-01
 530  6.5611164921249288e-01
 342  6.6368073282943241e-01
 368  6.7028712231919518e-01
 420  6.7287197724115344e-01
 773  6.7643390017031002e-01
 419  6.7845076423591066e-01
 577  6.7998475304660466e-01
 335  6.9587219188973737e-01
 524  7.0490344398277749e-01
 523  7.1062234874562635e-01
 189  7.1664300680018245e-01
 155  7.2043320813833467e-01
 361  7.2123244469553516e-01
 408  7.3063985504602513e-01
 229  7.3997174863720860e-01
 202  7.4073516071310064e-01
 126  7.4731722130814537e-01
 314  7.4816895752277490e-01
 199  7.5625411956949184e-01
 405  7.6149654533628319e-01
 772  7.6181867685832971e-01
 311  7.6274314971728130e-01
 418  7.7104846856133824e-01
 576  7.7206502223301809e-01
 334  7.9090410998316718e-01
 522  7.9801496348313661e-01
 154  7.9917737666897259e-01
 188  8.0252164292772710e-01
 360  8.0436564051655357e-01
 187  8.0561713862844120e-01
 519  8.1085741613247386e-01
 228  8.1576555916304638e-01
 357  8.3224485074657117e-01
 198  8.3639134219041356e-01
 404  8.3652635543075238e-01
 545  8.3736871340322461e-01
 403  8.4137371722076848e-01
 310  8.4303660064358887e-01
 770  8.4595827850706440e-01
 303  8.5605376284795076e-01
  78  8.6990303971333938e-01
 186  8.7313202767048304e-01
 345  8.7455152551276172e-01
 397  8.7568737829293652e-01
 518  8.7731086841574168e-01
 152  8.7925310249174549e-01
 183  8.7979592471781431e-01
 151  8.8252794345076035e-01
 226  8.8767898640720078e-01
 356  8.9011437886881684e-01
 544  8.9336077164270999e-01
 355  8.9382384856263120e-01
 449  8.9493532157716316e-01
 402  8.9787044185353071e-01
 769  8.9804845013117629e-01
 209  9.0379393812710451e-01
 302  9.1227852385668395e-01
 287  9.1993893638544033e-01
 344  9.2018617151510873e-01
 396  9.2155368891337786e-01
 395  9.2412075485606548e-01
 150  9.2589548218032613e-01
 182  9.2682839464067113e-01
 225  9.2840516071172730e-01
 175  9.3190727679121288e-01
 448  9.3413715916983153e-01
 354  9.3445503630522309e-01
 529  9.3515059841059456e-01
 341  9.3743253478807609e-01
 208  9.4014896180601559e-01
 146  9.4486271122404297e-01
 286  9.5465671672716768e-01
 394  9.5478379063914720e-01
 391  9.5744721676477462e-01
 528  9.6059713600187746e-01
 174  9.6126300263304243e-01
 340  9.6267308473163837e-01
 201  9.6270676957706747e-01
 125  9.6323873441034757e-01
 339  9.6418064654709856e-01
 313  9.6472041433843569e-01
 145  9.6686013114450631e-01
 143  9.6818205119850642e-01
 417  9.7103418283513165e-01
 333  9.7522507938125347e-01
 390  9.7590986580390071e-01
 521  9.7734214831001642e-01
 200  9.7834984408786574e-01
 124  9.7943225495765385e-01
 338  9.7962807643679040e-01
 312  9.7967174707529803e-01
 123  9.7982309211908292e-01
 142  9.8253296232931675e-01
 416  9.8325448491069356e-01
 197  9.8467784416455573e-01
 309  9.8583587201136635e-01
 332  9.8611485596546200e-01
 331  9.8669241916957728e-01
 520  9.8705998163054198e-01
 122  9.8923494523741018e-01
 119  9.8966684384310843e-01
 185  9.9067925414474689e-01
 136  9.9089027663154938e-01
 517  9.9135522987185087e-01
 196  9.9155971094652440e-01
 195  9.9192911753641855e-01
 308  9.9225063649338552e-01
 307  9.9261480471109353e-01
 330  9.9282625879240560e-01
 327  9.9324720947025347e-01
 401  9.9402901126412357e-01
  76  9.9417883635354798e-01
 118  9.9483614483368721e-01
 184  9.9495330605937460e-01
 111  9.9506664461958283e-01
 516  9.9527896272836236e-01
 301  9.9541245735507433e-01
 515  9.9556036546453786e-01
 194  9.9569133731608173e-01
 306  9.9609222167824130e-01
 326  9.9645413239372937e-01
 768  9.9653995046533173e-01
 400  9.9675017244773600e-01
 149  9.9675462614636134e-01
 181  9.9678967490526016e-01
  73  9.9692611323146441e-01
 353  9.9749193588555474e-01
 300  9.9760053238229784e-01
 514  9.9762358760930858e-01
 110  9.9764353912956261e-01
  97  9.9771112113334071e-01
 299  9.9775386534331623e-01
 148  9.9827849068579921e-01
 224  9.9829960619472868e-01
 180  9.9833580525754306e-01
 179  9.9843813723087760e-01
  68  9.9846952774974862e-01
 352  9.9866546585994387e-01
 285  9.9876236899667570e-01
 393  9.9879412499437326e-01
 298  9.9885320075979733e-01
  79  9.9886204020620362e-01
 295  9.9895444846993620e-01
 173  9.9909250438872088e-01
 178  9.9920210882607174e-01
  55  9.9926504344395717e-01
 392  9.9937015434502763e-01
 284  9.9937537630266482e-01
 283  9.9944239390747647e-01
 294  9.9946065309092047e-01
 172  9.9954751445474366e-01
 171  9.9959227242840143e-01
 144  9.9962817039917184e-01
 389  9.9965892661872358e-01
 282  9.9971501303613286e-01
  54  9.9972913063278968e-01
 279  9.9975191652975015e-01
 337  9.9975658409196744e-01
 170  9.9979189498749210e-01
 167  9.9981513299130420e-01
 141  9.9982348210729732e-01
 388  9.9982445897639161e-01
 387  9.9984403381774034e-01
 278  9.9986809918836062e-01
  31  9.9986838935903721e-01
 336  9.9987401343056947e-01
 271  9.9987898858991120e-01
 166  9.9990225723915038e-01
 140  9.9991388774087708e-01
 386  9.9991509739968232e-01
 139  9.9992662609203642e-01
 121  9.9993710062685204e-01
 263  9.9993834841459883e-01
 137  9.9996546892063409e-01
 120  9.9996808214418620e-01
 329  9.9997051514010238e-01
 134  9.9997579835905825e-01
 328  9.9998322474113055e-01
 117  9.9998590594190329e-01
 193  9.9998698688441778e-01
 133  9.9998777026125063e-01
 305  9.9998939201891390e-01
 325  9.9999082775809522e-01
 116  9.9999121911037170e-01
 192  9.9999159433939011e-01
 132  9.9999260174466686e-01
 304  9.9999268882064696e-01
  72  9.9999288196548597e-01
 115  9.9999303399989514e-01
 324  9.9999339127665288e-01
 513  9.9999369972484764e-01
 323  9.9999404480800114e-01
 114  9.9999412480500960e-01
  96  9.9999430727977734e-01
 109  9.9999466009707061e-01
 512  9.9999482100284398e-01
 321  9.9999510986532048e-01
 108  9.9999539662913972e-01
 107  9.9999572839728046e-01
 297  9.9999575207458891e-01
  94  9.9999577639440129e-01
 106  9.9999581102963475e-01
 103  9.9999590872946964e-01
  66  9.9999590997281340e-01
 296  9.9999591375386199e-01
 177  9.9999592029235462e-01
 176  9.9999600388472198e-01
  99  9.9999600610705375e-01
  91  9.9999600679040113e-01
  65  9.9999601783058811e-01
 293  9.9999603386845604e-01
  77  9.9999604043521007e-01
  87  9.9999604572012668e-01
 292  9.9999605876790254e-01
 291  9.9999607119312051e-01
 290  9.9999607497676601e-01
 281  9.9999607832587922e-01
  75  9.9999607868672857e-01
  30  9.9999608151327302e-01
 169  9.9999608157439590e-01
 270  9.9999608241104743e-01
  53  9.9999608247814853e-01
 280  9.9999608266112816e-01
  71  9.9999608448791322e-01
 168  9.9999608476029445e-01
  52  9.9999608503334436e-01
 138  9.9999608552526054e-01
 277  9.9999608557010533e-01
  63  9.9999608570906129e-01
 262  9.9999608596324141e-01
 165  9.9999608617685121e-01
 385  9.9999608626060132e-01
  51  9.9999608643614912e-01
 276  9.9999608645844007e-01
  49  9.9999608657213623e-01
 384  9.9999608665053319e-01
 164  9.9999608672839990e-01
  48  9.9999608677555196e-01
 269  9.9999608678853380e-01
 275  9.9999608683701835e-01
  39  9.9999608684919017e-01
  45  9.9999608689864072e-01
 163  9.9999608692565023e-01
 273  9.9999608693177056e-01
 268  9.9999608694268072e-01
 162  9.9999608694348519e-01
  29  9.9999608696467612e-01
  28  9.9999608705296494e-01
 259  9.9999608705577481e-01
 104  9.9999608706975218e-01
 105  9.9999608706977428e-01
  24  9.9999608707585297e-01
  64  9.9999608707966825e-01
  67  9.9999608707967713e-01
 255  9.9999608708121301e-01
  98  9.9999608708663501e-01
 100  9.9999608708893595e-01
 102  9.9999608708893706e-01
 101  9.9999608708893872e-01
  15  9.9999608708972909e-01
 272  9.9999608709265675e-01
 274  9.9999608709512977e-01
 258  9.9999608709673471e-01
 253  9.9999608709675170e-01
 254  9.9999608709675203e-01
 251  9.9999608709675414e-01
 135  9.9999608709847487e-01
 161  9.9999608710293586e-01
 160  9.9999608710293653e-01
  43  9.9999608710385157e-01
  42  9.9999608710385179e-01
  40  9.9999608710385346e-01
  41  9.9999608710385346e-01
  44  9.9999608710385390e-01
  56  9.9999608710704924e-01
  57  9.9999608710704924e-01
  60  9.9999608710705212e-01
  58  9.9999608710705223e-01
  59  9.9999608710705223e-01
  62  9.9999608710719567e-01
  61  9.9999608710719801e-01
  92  9.9999608710751176e-01
  93  9.9999608710751198e-01
  69  9.9999608710759258e-01
  70  9.9999608710761778e-01
  95  9.9999608710788102e-01
 112  9.9999608710827725e-01
  25  9.9999608710978927e-01
  26  9.9999608710980881e-01
  27  9.9999608710981114e-01
  74  9.9999608710987276e-01
 113  9.9999608711045329e-01
  50  9.9999608711071497e-01
  89  9.9999608711100796e-01
  88  9.9999608711101051e-01
  90  9.9999608711103349e-01
 288  9.9999608711103538e-01
 289  9.9999608711114452e-01
  46  9.9999608711230292e-01
  47  9.9999608711230292e-01
  84  9.9999608711245080e-01
  82  9.9999608711245103e-01
  83  9.9999608711245103e-01
  81  9.9999608711245602e-01
  80  9.9999608711245624e-01
 322  9.9999608711262555e-01
  86  9.9999608711267829e-01
  85  9.9999608711268984e-01
  34  9.9999608711302768e-01
  35  9.9999608711302768e-01
  32  9.9999608711302879e-01
  33  9.9999608711302901e-01
 130  9.9999608711305876e-01
  38  9.9999608711312227e-01
  36  9.9999608711312771e-01
  37  9.9999608711312771e-01
 265  9.9999608711324484e-01
 264  9.9999608711324506e-01
 320  9.9999608711326127e-01
 267  9.9999608711333943e-01
 266  9.9999608711334043e-01
  16  9.9999608711368970e-01
  17  9.9999608711368970e-01
  19  9.9999608711368970e-01
  18  9.9999608711368981e-01
  21  9.9999608711377475e-01
  20  9.9999608711377497e-01
  23  9.9999608711377497e-01
  22  9.9999608711377541e-01
   4  9.9999608711407839e-01
   2  9.9999608711407861e-01
   3  9.9999608711407861e-01
   5  9.9999608711407861e-01
   6  9.9999608711407861e-01
   7  9.9999608711407861e-01
   0  9.9999608711407872e-01
   1  9.9999608711407872e-01
 131  9.9999608711419241e-01
  14  9.9999608711429822e-01
  12  9.9999608711429877e-01
  13  9.9999608711429877e-01
  10  9.9999608711430099e-01
  11  9.9999608711430099e-01
   8  9.9999608711430144e-01
   9  9.9999608711430144e-01
 129  9.9999608711450050e-01
 128  9.9999608711450605e-01
