2 0 2 0 2 0 1 0 1 0 1 0 0 2 0 0 2 0 2 0 1 0 0 2 0 2 0 2 0 1 0 
0 2 0 2 0 0 2 0 2 0 2 0 1 0 1 
0 1 0 2 0 2 0 
0 2 0 
1 
  63  9.6631513513088173e-11
  62  1.0321991565577413e-06
  61  1.0509780440592679e-06
  56  1.4589141508576209e-06
  60  2.2284586428324915e-06
  53  7.2557308204856153e-06
  39  1.4552900798874317e-05
  52  5.9660027289506580e-05
  48  3.2789055886467796e-04
  59  3.6709867064120923e-04
  58  3.9911184340629598e-04
  57  4.5288528840444500e-04
  54  5.8039739092103596e-04
  38  7.5685164031838296e-04
  49  1.1944294987374783e-03
  51  1.6229749652761317e-03
  45  2.0392785942503944e-03
  37  2.4519218402500416e-03
  35  4.4795358757595775e-03
  55  1.8160973228538456e-02
  23  2.1929735929669136e-02
  50  2.2254935483702182e-02
  31  2.2776770557301360e-02
  36  2.6714315991814085e-02
  46  3.4822649325483027e-02
  47  3.7992516114698525e-02
  34  3.9813648614293248e-02
  19  4.8638898824335426e-02
  43  5.2200334834073235e-02
  44  5.3950499777755991e-02
  42  7.9875389474622971e-02
  33  9.9488458357403456e-02
  29  2.0108814511575962e-01
  22  2.2728276299221573e-01
  18  2.3075309612854306e-01
  30  2.4021531236307830e-01
  21  3.0545146414860669e-01
  28  3.5495263199701887e-01
  32  3.5523039441062382e-01
  41  3.6356861796547030e-01
  17  3.9891016962454823e-01
  40  4.6165687936495209e-01
  11  5.9062634488924604e-01
  15  6.6038818323676041e-01
  10  6.9589143448448143e-01
  27  6.9986834982836676e-01
  16  7.5285774771351721e-01
  20  7.7327765468732013e-01
  25  8.0434728361139840e-01
  26  8.4075414699466389e-01
  14  9.0877727474918379e-01
   9  9.4825507136828180e-01
   8  9.6941892921699890e-01
   7  9.7047239259514440e-01
  13  9.7151306798276860e-01
   6  9.8334448359468463e-01
  24  9.8696024133183302e-01
   3  9.9111479738618635e-01
  12  9.9798645256782981e-01
   5  9.9983983510892327e-01
   4  9.9992087627487525e-01
   2  9.9997324990725112e-01
   1  9.9998992787261964e-01
   0  9.9999975541254749e-01
