0 0 0 2 0 0 0 0 0 0 2 0 0 0 2 0 0 1 0 0 0 0 1 0 2 0 2 0 2 0 1 0 2 0 2 0 1 0 1 0 2 0 1 0 1 0 1 0 0 0 2 0 2 0 2 0 2 0 1 0 0 2 0 1 0 2 0 2 0 0 1 0 1 0 1 0 0 2 0 2 0 1 0 2 0 0 2 0 1 0 1 0 1 0 0 2 0 0 2 0 1 0 2 0 2 0 0 2 0 2 0 2 0 2 0 2 0 0 2 0 2 0 2 0 1 0 1 0 0 2 0 0 1 0 1 0 1 0 2 0 1 0 2 0 2 0 2 0 1 0 2 0 2 0 0 2 0 0 0 0 0 1 0 2 0 2 0 0 2 0 1 0 2 0 0 2 0 0 1 0 1 0 2 0 2 0 0 2 0 0 2 0 1 0 1 0 0 0 0 0 1 0 2 0 2 0 2 0 2 0 2 0 0 0 0 0 1 0 1 0 1 0 2 0 1 0 0 2 0 2 0 2 0 0 2 0 0 0 2 0 1 0 2 0 1 0 2 0 1 0 2 0 0 0 0 
0 0 2 0 0 0 2 0 1 0 2 0 2 0 2 0 0 2 0 2 0 2 0 0 2 0 2 0 1 0 2 0 0 1 0 2 0 2 0 2 0 1 0 2 0 2 0 0 0 2 0 2 0 2 0 2 0 2 0 2 0 1 0 0 1 0 1 0 1 0 1 0 2 0 2 0 2 0 1 0 1 0 2 0 2 0 2 0 0 2 0 0 1 0 0 2 0 2 0 0 2 0 2 0 0 2 0 0 1 0 1 0 0 2 0 2 0 2 0 0 1 0 2 0 1 0 2 
0 0 2 0 1 0 2 0 2 0 1 0 2 0 2 0 0 2 0 2 0 2 0 2 0 2 0 2 0 2 0 0 1 0 1 0 1 0 2 0 0 2 0 2 0 0 2 0 1 0 1 0 1 0 0 2 0 0 2 0 0 0 2 
2 0 2 0 2 0 1 0 1 0 1 0 0 2 0 0 2 0 2 0 1 0 0 2 0 2 0 2 0 1 0 
0 2 0 2 0 0 2 0 2 0 2 0 1 0 1 
0 1 0 2 0 2 0 
0 2 0 
1 
 495  2.6284174341517491e-28
 487  1.0187000629329663e-25
 509  2.9258955952908167e-22
 503  1.3430060344429776e-21
 431  2.5930491866677883e-20
 511  2.5035082279799346e-19
 319  1.2200419591540049e-17
 510  5.6188466571998279e-17
 508  6.6345361030931027e-17
 457  7.5256785684127160e-17
 507  9.3810227962455973e-17
 502  1.6823904024645294e-16
 505  4.5121537992351629e-16
 499  4.9232380505907453e-16
 494  5.9739029671318597e-16
 491  1.2982905117468384e-15
 427  1.9773317129641435e-15
 486  2.2258372264845345e-15
 456  4.5236669570003455e-15
 479  6.2378297741975153e-15
 483  7.4285501857230679e-15
 506  7.4667613221309764e-15
 430  9.6624676088263523e-15
 501  1.2282250717371605e-14
 451  1.3522900852792652e-14
 475  2.8624817795864241e-14
 493  7.7861244745680728e-14
 317  1.3361853741763767e-13
 439  1.3737143668454938e-13
 453  1.4718390891992227e-13
 485  2.2416255149655674e-13
 415  4.5793273735669622e-13
 395  4.7249977304903690e-13
 465  2.3042297717907368e-12
 303  2.7909397626709207e-12
 399  5.3425680662705477e-12
 429  1.1383539017488989e-11
 425  1.6626330625282236e-11
 367  1.7048203974814644e-11
 464  8.7566819393253884e-11
 318  9.7608390983175994e-11
 312  1.2170511845185240e-10
 287  2.0112994021857534e-10
 315  2.3947000172952217e-10
 423  3.6285426734365669e-10
 473  4.2952952343668258e-10
 426  5.2572610980813571e-10
 504  7.7306160802819783e-10
 500  7.7826321959210259e-10
 498  7.8252629432281166e-10
 497  7.9107126103055503e-10
 419  9.8757247632545487e-10
 492  1.4619669662018209e-09
 490  1.4664375248425294e-09
 489  1.4754148924938476e-09
 467  1.7298668879549650e-09
 478  2.9231731951059678e-09
 477  2.9326064607381704e-09
 484  3.5187849009743493e-09
 482  3.5387608061236831e-09
 481  3.5788699643747981e-09
 461  3.5857816192769889e-09
 474  6.5276802877610659e-09
 393  6.6950811070465828e-09
 424  8.0461569650635919e-09
 471  1.2747982198036641e-08
 387  2.1966955449756260e-08
 428  2.2364552840957992e-08
 398  2.4322055122882427e-08
 316  2.5432542246773560e-08
 438  2.6002660494019713e-08
 313  2.6072925831607502e-08
 437  2.6304637614373444e-08
 460  2.7650220238623184e-08
 472  3.8035416021329662e-08
 255  4.9525929990044187e-08
 309  5.0223151133272598e-08
 435  5.2339816258636599e-08
 414  5.3517464114286633e-08
 394  6.0268325580584369e-08
 447  6.9829838025596970e-08
 413  7.6046820760875695e-08
 452  8.2821619933486761e-08
 450  9.7221451116634388e-08
 449  9.7221944461549210e-08
 302  1.0957443944730606e-07
 195  2.4083559206813880e-07
 422  2.5569089962623445e-07
 355  2.8979063510384701e-07
 314  3.1696449952654566e-07
 379  3.7331659098922800e-07
 407  3.8116809383128230e-07
 301  4.1499180793469797e-07
 286  4.1906376733098781e-07
 392  4.6960444523088980e-07
 391  6.3103590591100700e-07
 411  7.1661340192872066e-07
 397  1.1410061312686709e-06
 295  1.2702419295217334e-06
 285  1.3116157419694842e-06
 310  1.3862900093569315e-06
 164  1.4064346711783221e-06
 307  1.4280235866202017e-06
 363  1.7977004889403517e-06
 366  2.1633438312235718e-06
 365  2.1904989379242496e-06
 448  2.5543165148878085e-06
 299  2.6776953895556315e-06
 343  2.7726873547752128e-06
 386  3.7722998949457332e-06
 362  3.8572420067432538e-06
 279  4.6963293612476118e-06
 271  5.1236866780791695e-06
 283  6.3189704882175541e-06
 496  8.2552334925281125e-06
 488  8.4036359896913774e-06
 476  8.6713890642263219e-06
 470  9.2434359931817393e-06
 418  1.6056439826729884e-05
 417  1.6088335866895859e-05
 421  1.6272730270873357e-05
 480  1.7817212137224107e-05
 466  1.8838783723422573e-05
 463  2.2074281972964027e-05
 469  2.8371522937625883e-05
 459  3.2940074023450651e-05
 458  3.3806023698184949e-05
 420  3.6654655855384750e-05
 455  3.6681446674123114e-05
 385  4.8133554404560375e-05
 436  4.8800009892013499e-05
 434  5.0374771632745157e-05
 433  5.3470788673929679e-05
 311  5.9026290916251735e-05
 308  6.0052345132435977e-05
 306  6.2705533126459947e-05
 446  6.7672853495139783e-05
 445  7.1308171975657038e-05
 412  7.7332355236192890e-05
 410  7.9849717748444582e-05
 384  8.0545814888668176e-05
 396  8.1072350742426191e-05
 194  8.4753172587761607e-05
 443  1.0508554138128587e-04
 243  1.0679023399550162e-04
 300  1.1418850745156211e-04
 376  1.1517828138086464e-04
 409  1.1546178813437262e-04
 298  1.1828269052475152e-04
 406  1.2234298230811969e-04
 254  1.3339415375725357e-04
 193  1.3751904362983763e-04
 383  1.3908157736286928e-04
 253  1.3909891633477161e-04
 305  1.5528391880989715e-04
 294  1.7350726553338192e-04
 405  1.7525937800347697e-04
 364  1.7757703103988390e-04
 354  1.7854780813798463e-04
 390  1.8096456886429948e-04
 378  1.9005292418947946e-04
 187  2.1055978870728546e-04
 284  2.1085286979535874e-04
 377  2.2157618894830302e-04
 282  2.2394900964051352e-04
 251  2.2736771645520231e-04
 389  2.3071472720001172e-04
 297  2.4499423662375814e-04
 353  2.6068411318963303e-04
 342  2.6930899123920834e-04
 403  2.8004731084427839e-04
 186  2.8008396406403339e-04
 153  2.8041759101718678e-04
 352  3.0058995734768954e-04
 373  3.0237621014942773e-04
 361  3.2295398108398153e-04
 382  3.2425826280628347e-04
 162  3.4256487461507189e-04
 250  3.4382348838644114e-04
 278  3.5958062908559365e-04
 293  3.6050036502884540e-04
 416  4.2920932905700365e-04
 359  4.7126546754578839e-04
 281  4.7541199811317969e-04
 360  5.6305683788915783e-04
 179  6.1044397291581129e-04
 161  6.2616665354277940e-04
 291  6.4725026944345435e-04
 358  6.7583394238199224e-04
 349  7.3940102511696731e-04
 270  7.5518973885827195e-04
 277  7.6464535575444814e-04
 341  8.3559323176811992e-04
 156  9.2840448930140156e-04
 275  1.3292774643430248e-03
 233  1.5311622109664916e-03
 339  1.6295641529861142e-03
 269  1.6481013466406306e-03
 147  1.7126323825376231e-03
 267  2.9009561405322292e-03
 468  2.9090341574056484e-03
 462  3.1574824279334201e-03
 454  3.6280660960116579e-03
 242  3.6427123295099421e-03
 381  3.7632948926192406e-03
 444  4.4040859784458194e-03
 432  4.7137313993231410e-03
 252  5.0319606246423095e-03
 263  5.4618652209778096e-03
 442  5.5759080327381317e-03
 408  5.7664889496478553e-03
 304  5.8687267737330493e-03
 192  5.9033640127085290e-03
 404  6.9374558323582036e-03
 296  7.0011797345141654e-03
 335  7.3829715336189740e-03
 328  7.5763933029886574e-03
 185  7.7881488911274062e-03
 441  7.8955371000437383e-03
 178  8.4167325073482673e-03
 292  8.7154185556423871e-03
 402  8.9396863921894550e-03
 249  9.1369822899243867e-03
 241  9.7771412448088707e-03
 388  9.9862706904813980e-03
 375  1.1150680505352117e-02
 280  1.1486997632519912e-02
 340  1.1540012452772903e-02
 290  1.1588896476242621e-02
 183  1.2162779111778616e-02
 351  1.2372856901196459e-02
 184  1.2666589574794357e-02
 152  1.2889506557256935e-02
 372  1.3554748199960992e-02
 247  1.4283862352570804e-02
 380  1.4952206654950308e-02
 248  1.5020198868327769e-02
 276  1.5329622890657861e-02
 338  1.6405152989677735e-02
 160  1.7233462016391584e-02
 357  1.7290559770504595e-02
 146  1.7341749549863263e-02
 401  1.8034346170324338e-02
 182  1.8829863980285737e-02
 370  1.9581303124402177e-02
 150  1.9639013703202094e-02
 374  1.9897956083701127e-02
 274  2.1476003529368671e-02
 246  2.2387940024825963e-02
 356  2.2938041444489226e-02
 289  2.5657301803739208e-02
 348  2.5815903172483418e-02
 268  2.6882290165332442e-02
 235  2.7222375804543671e-02
 371  2.8068449436859856e-02
  95  2.9298554905484910e-02
 154  2.9432525216475477e-02
 177  3.0418156960576433e-02
 228  3.3176326324108649e-02
 232  3.3290585048940592e-02
 350  3.5855088714736937e-02
 346  3.8664559235013440e-02
 266  3.9595274778676699e-02
 151  4.2391200226956791e-02
 273  4.5903232742651130e-02
 337  4.8043843092007044e-02
 347  5.2226781274833357e-02
 128  5.7496730130597348e-02
 145  5.9514383084990630e-02
 239  6.6951065462747456e-02
  91  6.9272513972461924e-02
 229  7.7452601876784988e-02
 265  8.0771278142364747e-02
 240  8.5269516588356103e-02
 171  8.7295490066797390e-02
 175  9.0981529561730223e-02
 261  9.3203929159757115e-02
 333  1.0212680192743709e-01
 262  1.0966572642625567e-01
 326  1.2461277215683536e-01
 137  1.2659482928288987e-01
 143  1.2728813530752983e-01
 440  1.2864056826915118e-01
 334  1.3009086839112760e-01
 169  1.4520287125036938e-01
 176  1.5080781966949619e-01
 400  1.5271913285872574e-01
 181  1.6037648419296943e-01
 325  1.7468730838495000e-01
 245  1.7707632516168662e-01
 260  1.7847503077349747e-01
 139  1.7930605114979725e-01
 288  1.8142976313887874e-01
 225  1.9547905205865401e-01
 332  2.0208084831723069e-01
 211  2.0548042656174809e-01
 336  2.1822445678504418e-01
 180  2.2111415078839666e-01
 148  2.2273175490587857e-01
 368  2.3061100188694147e-01
 144  2.3105800717239700e-01
 244  2.4220956403025343e-01
 324  2.4354470183822413e-01
 369  2.5186986688677182e-01
 234  2.5717591474701007e-01
 272  2.5882643064792321e-01
  94  2.6549394904547274e-01
 217  2.8047144961898191e-01
  90  2.8857871848155620e-01
 226  2.9986536879927622e-01
 149  3.1882399753131735e-01
 344  3.2682009225103043e-01
 125  3.5012466936987741e-01
  93  3.5214540223444274e-01
 174  3.5512431684366053e-01
 238  3.5543668764812891e-01
 345  3.5591515601196200e-01
 264  3.6026199170484430e-01
 231  3.6120817642508685e-01
 126  3.7663208390473379e-01
 142  4.0024161279968867e-01
 224  4.0111653713481926e-01
 168  4.2696854485704122e-01
 227  4.3991119944831908e-01
 170  4.6014906647062254e-01
 136  4.6436813830015827e-01
  89  4.7093332820015082e-01
 237  4.8558214278250816e-01
 259  4.9987152078601771e-01
 331  5.2550118420956138e-01
 124  5.2992491360649485e-01
 173  5.3140084182511016e-01
 141  6.0306567449842252e-01
 210  6.2741650413915706e-01
 138  6.3274721122098976e-01
 323  6.4055132672698789e-01
  82  6.4908455060294223e-01
 257  6.5051793107225697e-01
 133  6.5706403702602756e-01
  83  6.5974783971638062e-01
 329  6.6294156791121972e-01
 258  6.6390512284868297e-01
 220  6.6772269409418006e-01
 119  6.8538070278640284e-01
 165  6.9723686095720661e-01
 330  7.0075614100549688e-01
 223  7.1509034863176213e-01
  87  7.2468350107618207e-01
 322  7.2966026201125955e-01
 167  7.4175211559969945e-01
 216  7.4180667373613707e-01
 209  7.4318317660252131e-01
 132  7.5174704586471441e-01
  75  7.8279425103370825e-01
  63  7.9240518621867562e-01
 221  7.9469687997950822e-01
 159  7.9576453982031325e-01
 111  7.9873170308104047e-01
 321  8.0585394392708265e-01
 230  8.0594942612259568e-01
  88  8.0806283148055058e-01
  92  8.1196189537114893e-01
 135  8.2246283516278718e-01
 213  8.2615010978945891e-01
 203  8.3852601118775305e-01
 123  8.4148883171134570e-01
 172  8.5307690655303559e-01
 236  8.6467569700817637e-01
  62  8.6888753033932897e-01
 140  8.7697886153560800e-01
 222  8.8045658038352625e-01
 202  8.9829824997273744e-01
 121  9.0866331722887606e-01
 122  9.2575496480460673e-01
  31  9.3191791120651157e-01
  86  9.3459712302805564e-01
 166  9.3582542688865145e-01
 118  9.4084534558631394e-01
 256  9.5546333792692684e-01
  80  9.5695796681677459e-01
 327  9.5894811658348211e-01
 218  9.6072699128786221e-01
 207  9.6097662923563609e-01
 131  9.6587719032015928e-01
  81  9.6589767258243608e-01
 163  9.6828382547609737e-01
 208  9.6899814519805760e-01
 110  9.7410884421907651e-01
  74  9.7605100585215654e-01
 134  9.7613581785741177e-01
  78  9.7623274144129402e-01
 117  9.7742374430218526e-01
 130  9.8015971224968512e-01
  85  9.8251716888053142e-01
 158  9.8555365567972242e-01
  79  9.8673314803300038e-01
 320  9.8707308642153180e-01
 219  9.8735631108768418e-01
 115  9.8773660146477560e-01
 215  9.8848057605250972e-01
 129  9.8895480851342565e-01
  61  9.8976618399285676e-01
 212  9.8981521302953224e-01
  73  9.9058288842273179e-01
 109  9.9175299870721556e-01
 157  9.9205696083048678e-01
 201  9.9386121992352516e-01
  60  9.9457466801550842e-01
  59  9.9478217984964334e-01
  67  9.9553596355220020e-01
 107  9.9575203814612090e-01
 200  9.9675595309109699e-01
 199  9.9690753306249802e-01
 120  9.9724622062960777e-01
  58  9.9735210505178429e-01
  55  9.9752782077339175e-01
 103  9.9790143074619897e-01
 206  9.9816077147236970e-01
 198  9.9841032876331948e-01
  30  9.9844093999866423e-01
  54  9.9878932639358198e-01
  47  9.9886052096482547e-01
  84  9.9897141219616992e-01
 191  9.9917714330720897e-01
  29  9.9924893331490405e-01
 116  9.9931122686940810e-01
  71  9.9940961136018580e-01
  46  9.9944079423720444e-01
  27  9.9968600003339814e-01
 114  9.9974744019417816e-01
 205  9.9974817920016346e-01
  76  9.9982535862009514e-01
 214  9.9985058387671555e-01
  23  9.9986175472387762e-01
 108  9.9987067366841931e-01
  72  9.9991336302957745e-01
  15  9.9993422418440381e-01
 106  9.9995374290822814e-01
 127  9.9996414892059793e-01
  77  9.9996738772987459e-01
 113  9.9997837113968369e-01
 155  9.9997985880578544e-01
 102  9.9998149116234569e-01
  70  9.9998970375790908e-01
  66  9.9999161306116957e-01
  57  9.9999583335260522e-01
  65  9.9999618418153102e-01
 105  9.9999637126602847e-01
  56  9.9999694592018085e-01
 197  9.9999717357571682e-01
 204  9.9999730647905105e-01
 196  9.9999760369471014e-01
 101  9.9999771767401313e-01
  53  9.9999773321526875e-01
 190  9.9999781494708861e-01
  28  9.9999785910851391e-01
  52  9.9999788643514886e-01
  99  9.9999793944945370e-01
  51  9.9999795709568795e-01
  50  9.9999798667027584e-01
  45  9.9999799542519852e-01
 189  9.9999800171960962e-01
  26  9.9999801076511474e-01
  44  9.9999802038453001e-01
  69  9.9999802891585166e-01
  43  9.9999803153171840e-01
 112  9.9999803268888132e-01
  39  9.9999803748539262e-01
  41  9.9999803790443198e-01
  22  9.9999803804940490e-01
  37  9.9999804123462888e-01
  25  9.9999804177242513e-01
  14  9.9999804215705579e-01
 104  9.9999804328724007e-01
  21  9.9999804330628295e-01
  19  9.9999804342442500e-01
 100  9.9999804351658927e-01
  13  9.9999804351752675e-01
  11  9.9999804353115052e-01
  32  9.9999804353850208e-01
  33  9.9999804353850208e-01
  35  9.9999804353854538e-01
  36  9.9999804353854560e-01
  34  9.9999804353854582e-01
  48  9.9999804354142963e-01
  49  9.9999804354169353e-01
   8  9.9999804354318778e-01
  40  9.9999804354369115e-01
 188  9.9999804354479649e-01
  68  9.9999804354632948e-01
  97  9.9999804354730171e-01
  96  9.9999804354865340e-01
  38  9.9999804354949051e-01
  42  9.9999804355098321e-01
  98  9.9999804355301047e-01
  64  9.9999804355402666e-01
  17  9.9999804355504163e-01
  16  9.9999804355504196e-01
  20  9.9999804355513500e-01
   9  9.9999804355518429e-01
  18  9.9999804355520294e-01
  12  9.9999804355522814e-01
  10  9.9999804355524402e-01
   2  9.9999804355529309e-01
   3  9.9999804355529309e-01
   0  9.9999804355529398e-01
   1  9.9999804355529398e-01
  24  9.9999804355530642e-01
   6  9.9999804355545363e-01
   7  9.9999804355545374e-01
   4  9.9999804355545641e-01
   5  9.9999804355545652e-01
