0 0 0 0 0 0 0 0 0 0 1 0 1 0 0 0 0 0 1 0 0 0 0 1 0 0 1 0 1 0 1 0 0 0 1 0 0 1 0 0 1 0 1 0 1 0 1 0 1 0 1 0 1 0 1 0 0 1 0 0 1 0 0 0 1 0 0 0 1 0 1 0 1 0 1 0 1 0 1 0 1 0 1 0 1 0 1 0 1 0 1 0 1 0 1 0 1 0 1 0 1 0 1 0 1 0 1 0 1 0 1 0 1 0 1 0 1 0 1 0 1 0 1 0 1 0 1 0 1 0 1 0 1 0 1 0 1 0 1 0 1 0 1 0 1 0 1 0 1 0 1 0 1 0 1 0 1 0 0 0 1 0 1 0 1 0 1 0 1 0 1 0 1 0 1 0 1 0 1 0 1 0 0 0 1 0 0 0 0 0 0 0 0 1 0 0 1 0 0 0 1 0 1 0 0 1 0 0 1 0 1 0 1 0 0 0 0 1 0 0 1 0 0 0 1 0 1 0 1 0 0 0 1 0 0 0 0 0 0 0 0 1 0 0 0 0 0 0 0 0 0 0 0 0 0 
0 0 0 0 0 1 0 0 1 0 0 0 1 0 1 0 0 1 0 0 1 0 1 0 1 0 1 0 0 1 0 1 0 0 1 0 1 0 1 0 1 0 1 0 1 0 1 0 1 0 1 0 1 0 1 0 1 0 1 0 1 0 1 0 1 0 1 0 1 0 1 0 1 0 1 0 1 0 1 0 1 0 1 0 1 0 1 0 1 0 1 0 1 0 0 0 0 1 0 0 1 0 0 0 1 0 1 0 0 1 0 0 1 0 1 0 1 0 0 0 0 0 0 0 0 0 0 
0 0 0 1 0 0 1 0 0 0 1 0 1 0 0 0 1 0 1 0 1 0 1 0 1 0 1 0 1 0 1 0 1 0 1 0 1 0 1 0 1 0 1 0 1 0 1 0 0 1 0 0 1 0 0 0 1 0 1 0 0 0 0 
0 0 1 0 0 1 0 0 1 0 1 0 1 0 1 0 1 0 1 0 1 0 1 0 0 1 0 0 1 0 0 
0 1 0 0 1 0 1 0 1 0 1 0 0 1 0 
0 0 1 0 1 0 0 
0 1 0 
0 
 495  3.0010926275611833e-28
 479  4.1477879578259593e-25
 507  4.9375655524486011e-22
 383  3.6262065557835195e-20
 511  4.3307214771756901e-20
 475  1.0617235247317077e-19
 379  4.6268718100837747e-19
 503  6.9046309855531116e-18
 510  4.4271045099968114e-17
 509  4.4686741824252245e-17
 494  5.3549071751812026e-17
 478  5.6543359859551736e-17
 506  2.8259453243800011e-16
 505  2.8293740065795850e-16
 493  2.9158621608938492e-16
 487  4.2818164533950403e-16
 501  1.2031418186324048e-15
 491  1.3062633744760755e-15
 502  3.6238816058315577e-15
 508  5.0181291040687611e-15
 499  6.1713823450279841e-15
 477  1.0869652273203081e-14
 471  2.8331826217637469e-14
 463  3.2662447379427629e-14
 469  7.1035224430927924e-14
 473  1.1903048524386375e-13
 461  1.3070263783787791e-13
 447  1.3532391719709120e-13
 474  2.6173212428933165e-13
 431  3.9113702838317854e-13
 375  2.9910848812802369e-12
 367  4.3411072690513249e-12
 382  5.4612486090441319e-12
 429  6.4458066188597523e-12
 378  8.4193909272211801e-12
 377  8.4283384938445152e-12
 373  1.6836165397879248e-11
 351  1.9341606665178467e-11
 381  2.8738023181361354e-11
 365  3.4335241502873933e-11
 319  1.0855958757706130e-10
 350  1.2750729967894530e-10
 476  4.4301178866377612e-10
 317  6.2339906507904870e-10
 504  8.6184870783408642e-10
 500  8.6625688316843357e-10
 498  8.7345700566318006e-10
 497  8.8461640415887985e-10
 492  1.6791025396858474e-09
 490  1.6850713436635453e-09
 489  1.6966985323498382e-09
 486  3.3580385428885071e-09
 485  3.3708909296179273e-09
 430  3.7824562971314562e-09
 255  5.9836339143351756e-09
 470  6.1092805498002421e-09
 462  6.3214860517999726e-09
 467  6.6821915809079623e-09
 484  6.7150744683732405e-09
 472  7.9190901199552164e-09
 459  7.9718413911299298e-09
 468  8.5514818913000267e-09
 466  9.2966413146554305e-09
 380  1.1068227543930298e-08
 455  1.2654077733543220e-08
 254  1.3301702778497429e-08
 446  1.4704709463503164e-08
 460  1.5684287981316438e-08
 458  1.5783660476128865e-08
 445  2.3072734120082073e-08
 443  2.9937765689321131e-08
 454  3.1435990297621511e-08
 442  6.3428334873040920e-08
 427  7.7882578290281474e-08
 407  9.8824097436131474e-08
 423  1.0300903572206582e-07
 374  1.1607845760208530e-07
 371  1.1739726455894788e-07
 366  1.4433636845891331e-07
 428  1.4613667966155841e-07
 426  1.4732718940206256e-07
 376  2.2008869210574240e-07
 372  2.2172437321591241e-07
 370  2.2430957139504604e-07
 363  2.3688453979978173e-07
 415  2.6267833712091308e-07
 422  2.7159863232108831e-07
 318  2.7474495912254669e-07
 359  2.9003990238496232e-07
 364  4.3439436173514339e-07
 362  4.4114251287176456e-07
 349  4.5976777960421357e-07
 347  5.1726921672161335e-07
 343  7.3042868714745998e-07
 358  7.8051879503318037e-07
 348  8.9298237873009676e-07
 346  9.1719844259691528e-07
 342  1.4410854753582837e-06
 335  1.5217791991865904e-06
 406  1.9287459336379538e-06
 315  2.0476610726861701e-06
 334  3.3078822167000672e-06
 311  3.3194391292530789e-06
 316  3.6165517565135753e-06
 314  3.7335763654642298e-06
 303  4.5583162732482316e-06
 310  5.7783124574547288e-06
 130  6.1200601440231269e-06
 496  9.4520491598388824e-06
 488  9.6329760145821720e-06
 483  9.9586217012569090e-06
 287  1.0109758213323794e-05
 482  1.0523819367690976e-05
 253  1.1393214840166374e-05
 481  1.1650559541236599e-05
 302  1.3898489017445712e-05
 251  1.3898493071014150e-05
 465  1.7441203112763711e-05
 457  1.8082447111532847e-05
 453  1.8945410662277715e-05
 247  2.2247138545695575e-05
 252  2.2388794701360911e-05
 451  2.2925896192459627e-05
 250  2.3419563181570251e-05
 239  2.4969383855002333e-05
 441  3.0782137838741700e-05
 444  3.3957675149965428e-05
 464  3.5019631850730210e-05
 456  3.6481527047553900e-05
 452  3.8236417808132666e-05
 450  4.0842471992012517e-05
 439  4.1627863908762547e-05
 246  4.3473409354338907e-05
 286  5.1521501152846567e-05
 440  5.3696480082366766e-05
 425  5.9542438621614920e-05
 437  6.0644642858424118e-05
 421  6.3822298758851629e-05
 419  8.4769098360268580e-05
 238  1.0002360491435845e-04
 436  1.0072353220192220e-04
 369  1.0460435884273098e-04
 223  1.0833043683518284e-04
 361  1.0904859632216416e-04
 414  1.1409395103733216e-04
 357  1.1654015959663050e-04
 424  1.1849398953517764e-04
 420  1.2601269195108830e-04
 413  1.3260951020874201e-04
 418  1.3806935764050439e-04
 355  1.4116431354776253e-04
 345  1.9213308200856827e-04
 412  1.9452257992860419e-04
 405  1.9619405617478323e-04
 368  2.0391380780877895e-04
 341  2.0533744474892989e-04
 360  2.1146723079734593e-04
 356  2.2407935169402578e-04
 354  2.4283696150038017e-04
 339  2.4978093848873856e-04
 403  2.7616806600716732e-04
 222  3.0124112132687265e-04
 333  3.1572638940793906e-04
 404  3.6294901441904029e-04
 344  3.7060971691411080e-04
 399  3.9173017088887636e-04
 340  3.9216268127424881e-04
 313  3.9728229874739439e-04
 331  4.1182340021126578e-04
 402  4.1891585395484847e-04
 338  4.3192876410817597e-04
 309  4.5713181902147743e-04
 395  5.6793109653323641e-04
 332  6.0112340231929936e-04
 327  6.3690305316146392e-04
 307  6.4933483924972755e-04
 128  6.6445865886066767e-04
 330  6.8837959440813310e-04
 301  7.6273765731319182e-04
 312  7.6701746065382102e-04
 308  8.6782304798644770e-04
 191  8.6803344411448514e-04
 125  8.8565589288183070e-04
 306  1.0469064171530220e-03
 299  1.0928807043767074e-03
 326  1.1624893027448509e-03
 123  1.1994734649035490e-03
 249  1.3033910697695832e-03
 394  1.3629123625724670e-03
 190  1.4182569001461053e-03
 300  1.4201714417368728e-03
 245  1.6167019132780445e-03
 295  1.6450152547131595e-03
 285  1.7690162460221219e-03
 298  1.7786134938822624e-03
 122  1.8941544669434844e-03
 243  2.2096689862956941e-03
 248  2.4444826852288992e-03
 449  2.4833543720900533e-03
 283  2.6335527927512713e-03
 237  2.9096947730766218e-03
 480  2.9437763929194356e-03
 244  2.9571116985855467e-03
 294  2.9979169861890746e-03
 284  3.1773073006782517e-03
 438  3.6679595975798954e-03
 242  3.7513484572156927e-03
 282  4.2898932540800048e-03
 235  4.3494528823561215e-03
 279  4.4400335904714820e-03
 435  4.4490048385172247e-03
 448  4.6095236128293783e-03
 417  5.0020270166351299e-03
 236  5.1427656564476936e-03
 434  5.6697643061188567e-03
 234  7.1600984830453704e-03
 231  7.4717205594086811e-03
 411  7.4982198097415607e-03
 221  7.5855003897926411e-03
 433  7.8735145226322377e-03
 278  7.8867006767556671e-03
 111  7.9793179792089653e-03
 353  8.4054428943089246e-03
 416  8.4422897780906114e-03
 410  9.6634559595818251e-03
 401  1.0878798865992891e-02
 337  1.1205326411030154e-02
 271  1.1270339558980333e-02
 219  1.1845714644244094e-02
 220  1.2896415711022041e-02
 230  1.3174030166001901e-02
 409  1.3330776326761261e-02
 110  1.3603055028345534e-02
 352  1.5278531000623676e-02
 329  1.5658656472341562e-02
 398  1.6593909688350797e-02
 400  1.7618192775417409e-02
 218  1.9340702010752771e-02
 336  1.9769631767813808e-02
 270  1.9842238082084254e-02
 305  2.0764381760731726e-02
 215  2.2220491077679583e-02
 325  2.3136770386961270e-02
 397  2.3625534526450439e-02
 124  2.4104983039016738e-02
 328  2.6811895695346304e-02
 189  2.7212822177187443e-02
 393  2.7710384281592514e-02
 297  3.1011916673128304e-02
 323  3.3946552602838222e-02
 304  3.4869611721585730e-02
 121  3.5309763015641878e-02
 214  3.7377295935487824e-02
 324  3.8231947714883988e-02
 391  4.2531463238619414e-02
 187  4.2637400337883304e-02
 392  4.3381101789984521e-02
 188  4.3897004433836220e-02
 293  4.7229043922352103e-02
 296  5.0621884068292371e-02
 241  5.3015751516042153e-02
 119  5.4420089868918713e-02
 207  5.4928172419492799e-02
 120  5.5094496034850816e-02
 322  5.5493545634074326e-02
 281  5.9452206885923335e-02
 186  6.7682692783873954e-02
 291  7.0454611491988381e-02
 389  7.2116277964588790e-02
 292  7.4829730259011421e-02
 183  7.9405005654056476e-02
 233  8.4020713871572533e-02
 240  8.5139288606017674e-02
 206  8.7008054722801542e-02
  79  8.9670600615374421e-02
 117  9.2710683692650786e-02
 280  9.3064382153245709e-02
 277  9.3112328708072262e-02
 388  1.0684631267528036e-01
 290  1.0993966273353802e-01
 182  1.2335920963627531e-01
 229  1.2900404595920051e-01
 232  1.2903596635818823e-01
 432  1.2978041270194479e-01
 109  1.3341629622137749e-01
 116  1.3627634473899988e-01
 275  1.3825094978216285e-01
 276  1.4056002737412451e-01
 217  1.6060918618214567e-01
 175  1.6344431576055662e-01
 408  1.6743562347314672e-01
 269  1.6781669639285132e-01
 227  1.8718773205109973e-01
 228  1.9013380856069168e-01
 108  1.9512589074612921e-01
 107  1.9635932247116872e-01
 274  2.0330235902404103e-01
 396  2.2928644153762520e-01
 216  2.3211860776172658e-01
 174  2.3693779404162532e-01
 268  2.3990295384510346e-01
 267  2.4159520564007189e-01
 213  2.4214282461440856e-01
 226  2.6715046600794728e-01
 106  2.7750759325837931e-01
 321  2.8874194757542121e-01
 103  3.0499082261283261e-01
 159  3.0649034429965494e-01
 390  3.1792683197971749e-01
 212  3.3220320556236982e-01
 266  3.3267282405936849e-01
 185  3.3373387572085050e-01
 211  3.3441378919575010e-01
 263  3.6032916575118429e-01
 118  3.6243674397549352e-01
 205  3.8643818422585269e-01
 320  3.9308752977504630e-01
 102  4.0757477466572528e-01
 158  4.1396614297572348e-01
 289  4.2592524442273377e-01
 387  4.2819806166240443e-01
 184  4.3829381170971238e-01
 210  4.3950780750648327e-01
  95  4.5536067032337318e-01
 181  4.6240367614413230e-01
  78  4.6616029980513679e-01
 262  4.6886946084877607e-01
 115  4.8520159036441907e-01
 204  4.9395934562123228e-01
 203  4.9968848622614381e-01
 386  5.2655627094810220e-01
 288  5.3829479413575598e-01
  77  5.6650094928215688e-01
  94  5.6986724324859528e-01
 180  5.7194502889193533e-01
 179  5.7772166213982878e-01
 114  5.8593023658209042e-01
 273  5.8616742150016943e-01
 202  6.1009774273233053e-01
 385  6.2324944842889085e-01
 199  6.3356035066653504e-01
 173  6.3393423944194671e-01
 225  6.6506265132156606e-01
  76  6.6812715960715696e-01
 105  6.7929042766337888e-01
 113  6.8065165601489697e-01
 178  6.8334467038102975e-01
 272  6.8943102947526458e-01
 172  7.3206869832456545e-01
 265  7.3476322510529712e-01
 198  7.3485105806219042e-01
 171  7.3740178432896453e-01
 224  7.5852934858592702e-01
 104  7.6948785153697108e-01
  73  7.8078514280793831e-01
  63  7.9237579704022132e-01
 101  7.9730618959087862e-01
 157  8.0137837336367135e-01
 264  8.1471922713040112e-01
 170  8.1988326001314460e-01
 209  8.2059609973928294e-01
 167  8.3120200271649514e-01
 261  8.4039003024879233e-01
 100  8.6394640709604453e-01
  99  8.6764984368008802e-01
 156  8.6851743740312914e-01
  62  8.6894876790568931e-01
 155  8.7140674791936035e-01
 208  8.8087933822097730e-01
 166  8.9232906120929389e-01
 260  8.9574129990609730e-01
  93  8.9625738773793440e-01
 259  8.9920946637120935e-01
 201  9.1638482902482299e-01
  98  9.1639181507619072e-01
 154  9.2013161172735414e-01
 151  9.2444449118021210e-01
  38  9.3196755856867619e-01
  92  9.3564017945288824e-01
  91  9.3738658058151170e-01
 258  9.3788955402388086e-01
  75  9.3887601881711458e-01
 177  9.4497273117086922e-01
 384  9.4722898382515208e-01
 200  9.4838228211982223e-01
 150  9.5595774996349647e-01
 143  9.5886535829592068e-01
 197  9.6103194537668468e-01
  74  9.6263350539719761e-01
  90  9.6324267737082336e-01
 112  9.6328502036310815e-01
  87  9.6514694148748215e-01
 176  9.6705371763786740e-01
 142  9.7730565833183969e-01
 196  9.7732453244761708e-01
 195  9.7837939427102005e-01
  86  9.8058804760851492e-01
 169  9.8181658012168505e-01
  72  9.8318289801791192e-01
  71  9.8388271705214625e-01
 194  9.8791633108098309e-01
  61  9.8977698875476727e-01
 168  9.8977771218512578e-01
  70  9.9120036004142609e-01
 165  9.9326532935574996e-01
  60  9.9457972044343257e-01
  59  9.9478453442396397e-01
  67  9.9542490539751149e-01
  97  9.9591305977105216e-01
 153  9.9625491508347008e-01
 164  9.9638016523498918e-01
 163  9.9658688583369381e-01
  58  9.9734860743164333e-01
  55  9.9752539336876966e-01
 257  9.9774579010085540e-01
  96  9.9782195983147570e-01
 152  9.9801853433803833e-01
 162  9.9820074587615992e-01
  36  9.9846041940499519e-01
  54  9.9877481260278611e-01
 256  9.9879695567094617e-01
 149  9.9884264615687146e-01
  48  9.9885318694724712e-01
  89  9.9919180460041579e-01
  33  9.9923349328033784e-01
 148  9.9940894508903999e-01
  39  9.9943071261634719e-01
 147  9.9946330797149563e-01
  88  9.9958989252778141e-01
  27  9.9963191074859981e-01
 141  9.9970055768250266e-01
 146  9.9972137576363473e-01
  85  9.9977980732105376e-01
 140  9.9985046714310033e-01
  26  9.9985575305035701e-01
 139  9.9987147008485189e-01
  84  9.9989119535046944e-01
  83  9.9990438208734767e-01
 193  9.9991578458763097e-01
 138  9.9993098065681463e-01
  15  9.9993418386857846e-01
 135  9.9993943437655819e-01
  82  9.9994912298694583e-01
 192  9.9995607799664643e-01
  69  9.9995746604880464e-01
 131  9.9996916891120446e-01
  68  9.9997894596294434e-01
  66  9.9999102103778814e-01
  57  9.9999578303477488e-01
  65  9.9999612608908806e-01
 161  9.9999676781570823e-01
  56  9.9999694651313897e-01
 160  9.9999738687146433e-01
  53  9.9999771299053308e-01
  32  9.9999784434180461e-01
  52  9.9999788580194515e-01
  46  9.9999788818468138e-01
  51  9.9999795311540096e-01
  45  9.9999797828898440e-01
  49  9.9999800303530162e-01
  43  9.9999802285744777e-01
 145  9.9999803055013181e-01
  37  9.9999803241402063e-01
 144  9.9999803652308017e-01
  35  9.9999804148509674e-01
  14  9.9999804215319121e-01
  25  9.9999804236725731e-01
 134  9.9999804244092061e-01
  31  9.9999804285122151e-01
  24  9.9999804304329887e-01
 137  9.9999804315803176e-01
  81  9.9999804331088327e-01
  22  9.9999804334051701e-01
  23  9.9999804338550080e-01
 136  9.9999804338565024e-01
  19  9.9999804342244203e-01
  80  9.9999804345647614e-01
 133  9.9999804346920440e-01
  13  9.9999804351545651e-01
 129  9.9999804352158117e-01
  11  9.9999804353597266e-01
 127  9.9999804353704536e-01
  50  9.9999804354255439e-01
   7  9.9999804354295019e-01
 126  9.9999804354646193e-01
  21  9.9999804355001209e-01
  20  9.9999804355001287e-01
  28  9.9999804355161059e-01
  29  9.9999804355161215e-01
  30  9.9999804355168509e-01
  34  9.9999804355188371e-01
  47  9.9999804355202637e-01
  12  9.9999804355298072e-01
  44  9.9999804355359123e-01
  64  9.9999804355409438e-01
  41  9.9999804355431177e-01
  40  9.9999804355431432e-01
  42  9.9999804355443123e-01
  17  9.9999804355459998e-01
  16  9.9999804355460065e-01
  18  9.9999804355464994e-01
 132  9.9999804355470900e-01
   8  9.9999804355493094e-01
   9  9.9999804355493094e-01
  10  9.9999804355497357e-01
   0  9.9999804355512545e-01
   1  9.9999804355512545e-01
   2  9.9999804355512545e-01
   3  9.9999804355512545e-01
   6  9.9999804355523547e-01
   5  9.9999804355523669e-01
   4  9.9999804355523692e-01
